       latitude      longitude observation     resiual  prediction  correction
       34.29293      136.00264    -0.00630     0.00064    -0.00694     0.00000
       35.08572      136.04120     0.02390     0.02613    -0.00223     0.00000
       34.71065      136.04189    -0.00210     0.00272    -0.00482     0.00000
       36.10973      136.04895     0.01130     0.00418     0.00712     0.00000
       34.56703      136.05039     0.00510     0.01083    -0.00573     0.00000
       35.46629      136.05367    -0.03930    -0.04013     0.00083     0.00000
       34.86933      136.05483    -0.00940    -0.00555    -0.00385     0.00000
       35.83684      136.05598     0.01130     0.00700     0.00430     0.00000
       35.31897      136.06283     0.01430     0.01477    -0.00047     0.00000
       35.60256      136.10581    -0.01800    -0.01987     0.00187     0.00000
       34.98638      136.14504     0.00710     0.01057    -0.00347     0.00000
       35.09473      136.15823    -0.01630    -0.01359    -0.00271     0.00000
       36.23117      136.17297    -0.02600    -0.03421     0.00821     0.00000
       34.49387      136.17315    -0.00130     0.00549    -0.00679     0.00000
       34.74287      136.18345     0.03180     0.03715    -0.00535     0.00000
       35.96889      136.18499    -0.01630    -0.02159     0.00529     0.00000
       35.79278      136.19739    -0.02670    -0.03011     0.00341     0.00000
       35.55733      136.19795    -0.02300    -0.02409     0.00109     0.00000
       34.06066      136.19836     0.02150     0.03053    -0.00903     0.00000
       35.26944      136.23561     0.01320     0.01487    -0.00167     0.00000
       35.42036      136.26475    -0.00420    -0.00373    -0.00047     0.00000
       36.14562      136.27894    -0.01430    -0.02131     0.00701     0.00000
       34.93073      136.29557    -0.01440    -0.00974    -0.00466     0.00000
       34.64875      136.32976    -0.01290    -0.00614    -0.00676     0.00000
       34.43314      136.33426    -0.01900    -0.01096    -0.00804     0.00000
       35.88822      136.33958     0.00560     0.00167     0.00393     0.00000
       34.20816      136.34293     0.02280     0.03202    -0.00922     0.00000
       36.22956      136.36165    -0.02530    -0.03310     0.00780     0.00000
       34.29793      136.38849    -0.02030    -0.01123    -0.00907     0.00000
       36.39446      136.38894    -0.01540    -0.02517     0.00977     0.00000
       34.85490      136.39326    -0.01040    -0.00464    -0.00576     0.00000
       34.60333      136.43194     0.01330     0.02096    -0.00766     0.00000
       35.35973      136.47031    -0.02950    -0.02744    -0.00206     0.00000
       34.42033      136.47446    -0.00340     0.00557    -0.00897     0.00000
       35.63615      136.48877     0.05130     0.05071     0.00059     0.00000
       34.75900      136.50229    -0.03040    -0.02331    -0.00709     0.00000
       35.10476      136.50376    -0.00800    -0.00350    -0.00450     0.00000
       35.98491      136.50492     0.02310     0.01866     0.00444     0.00000
       34.28507      136.54048     0.03430     0.04439    -0.01009     0.00000
       36.53727      136.54067     0.01590     0.00451     0.01139     0.00000
       35.48006      136.54529     0.02050     0.02180    -0.00130     0.00000
       35.37171      136.54974     0.00080     0.00319    -0.00239     0.00000
       34.54705      136.55066     0.01600     0.02475    -0.00875     0.00000
       35.22791      136.59344    -0.01940    -0.01542    -0.00398     0.00000
       36.37007      136.60533     0.00520    -0.00383     0.00903     0.00000
       35.63290      136.61139     0.01150     0.01155    -0.00005     0.00000
       34.43144      136.62840    -0.03200    -0.02208    -0.00992     0.00000
       36.16529      136.63395    -0.01150    -0.01773     0.00623     0.00000
       34.91380      136.63650    -0.01020    -0.00335    -0.00685     0.00000
       36.66341      136.64994    -0.00680    -0.01982     0.01302     0.00000
       35.90141      136.65774    -0.01980    -0.02261     0.00281     0.00000
       35.48832      136.68728     0.01320     0.01522    -0.00202     0.00000
       34.29661      136.69319     0.02450     0.03556    -0.01106     0.00000
       35.05091      136.69425     0.00060     0.00675    -0.00615     0.00000
       37.15674      136.71876    -0.01490    -0.03506     0.02016     0.00000
       34.49000      136.72823    -0.00830     0.00200    -0.01030     0.00000
       35.40513      136.72875     0.00540     0.00852    -0.00312     0.00000
       36.81748      136.75565    -0.00630    -0.02149     0.01519     0.00000
       37.00072      136.77271     0.01330    -0.00464     0.01794     0.00000
       35.72349      136.78462    -0.00860    -0.00863     0.00003     0.00000
       35.30084      136.78882    -0.00200     0.00255    -0.00455     0.00000
       34.37358      136.80200     0.03530     0.04676    -0.01146     0.00000
       36.59209      136.80640    -0.00260    -0.01437     0.01177     0.00000
       34.25344      136.82061    -0.00550     0.00668    -0.01218     0.00000
       35.19011      136.82883     0.00240     0.00827    -0.00587     0.00000
       34.90438      136.83188    -0.00580     0.00250    -0.00830     0.00000
       34.46539      136.85113    -0.01660    -0.00526    -0.01134     0.00000
       34.98439      136.86275    -0.00230     0.00560    -0.00790     0.00000
       35.86694      136.86318    -0.03590    -0.03725     0.00135     0.00000
       34.82336      136.86764     0.01240     0.02158    -0.00918     0.00000
       37.38238      136.88917    -0.01060    -0.03452     0.02392     0.00000
       35.52607      136.90002     0.00630     0.00926    -0.00296     0.00000
       36.26147      136.90427     0.01680     0.01023     0.00657     0.00000
       37.22644      136.90877     0.01440    -0.00719     0.02159     0.00000
       37.85050      136.91927     0.01930    -0.01130     0.03060     0.00000
       36.40188      136.92056     0.01670     0.00809     0.00861     0.00000
       35.33476      136.92998    -0.02220    -0.01699    -0.00521     0.00000
       34.74005      136.93848     0.01190     0.02222    -0.01032     0.00000
       36.03305      136.95276     0.00560     0.00252     0.00308     0.00000
       35.16842      136.96580    -0.01600    -0.00891    -0.00709     0.00000
       35.75778      136.97530    -0.00040     0.00031    -0.00071     0.00000
       34.54391      136.98175     0.04120     0.05311    -0.01191     0.00000
       37.12316      136.99607     0.00770    -0.01239     0.02009     0.00000
       36.74062      136.99613    -0.01160    -0.02540     0.01380     0.00000
       36.91951      137.02643    -0.02380    -0.04054     0.01674     0.00000
       36.64956      137.03190    -0.01210    -0.02433     0.01223     0.00000
       37.43226      137.03394     0.01280    -0.01237     0.02517     0.00000
       35.12811      137.04128    -0.01910    -0.01104    -0.00806     0.00000
       34.99499      137.05978    -0.00450     0.00487    -0.00937     0.00000
       34.60924      137.06807     0.00020     0.01243    -0.01223     0.00000
       35.23909      137.07357    -0.02680    -0.01953    -0.00727     0.00000
       36.14026      137.08053    -0.03640    -0.04036     0.00396     0.00000
       35.36737      137.11023    -0.02160    -0.01534    -0.00626     0.00000
       34.79487      137.11900    -0.00990     0.00153    -0.01143     0.00000
       35.47870      137.12469     0.00610     0.01125    -0.00515     0.00000
       37.30697      137.13854     0.04850     0.02508     0.02342     0.00000
       36.33551      137.14717     0.01600     0.00932     0.00668     0.00000
       34.91734      137.15239    -0.01020     0.00060    -0.01080     0.00000
       36.75795      137.15447     0.00700    -0.00683     0.01383     0.00000
       35.61209      137.17414     0.01830     0.02226    -0.00396     0.00000
       36.63434      137.19520     0.00130    -0.01026     0.01156     0.00000
       35.91163      137.20067    -0.00520    -0.00504    -0.00016     0.00000
       36.47280      137.23922    -0.02120    -0.02977     0.00857     0.00000
       35.80048      137.24837    -0.00270    -0.00062    -0.00208     0.00000
       35.30055      137.25232    -0.00300     0.00519    -0.00819     0.00000
       35.13875      137.25356    -0.01110    -0.00130    -0.00980     0.00000
       37.44603      137.27005     0.00420    -0.02199     0.02619     0.00000
       34.64866      137.27784    -0.00290     0.01095    -0.01385     0.00000
       34.91975      137.29994    -0.02310    -0.01096    -0.01214     0.00000
       35.52313      137.30909     0.00120     0.00739    -0.00619     0.00000
       35.03946      137.31316     0.01850     0.02977    -0.01127     0.00000
       34.78591      137.33877    -0.00270     0.01082    -0.01352     0.00000
       36.13599      137.34791    -0.01700    -0.01925     0.00225     0.00000
       36.28564      137.36302    -0.00270    -0.00738     0.00468     0.00000
       36.73696      137.36951     0.00010    -0.01282     0.01292     0.00000
       35.26197      137.40561    -0.02500    -0.01495    -0.01005     0.00000
       34.96748      137.42313    -0.00710     0.00587    -0.01297     0.00000
       35.65719      137.42477    -0.01560    -0.01006    -0.00554     0.00000
       34.86482      137.43400     0.00400     0.01789    -0.01389     0.00000
       36.57871      137.43990     0.00420    -0.00541     0.00961     0.00000
       34.68038      137.44245     0.01770     0.03296    -0.01526     0.00000
       35.81555      137.45088    -0.01380    -0.01024    -0.00356     0.00000
       35.39676      137.46757     0.00830     0.01750    -0.00920     0.00000
       36.92896      137.48723     0.01870     0.00228     0.01642     0.00000
       34.71805      137.51493    -0.02240    -0.00663    -0.01577     0.00000
       35.57509      137.52878    -0.04560    -0.03795    -0.00765     0.00000
       35.97346      137.53487     0.00450     0.00638    -0.00188     0.00000
       36.86434      137.55133     0.01390    -0.00103     0.01493     0.00000
       34.80873      137.55434     0.00290     0.01848    -0.01558     0.00000
       35.10002      137.57533    -0.02700    -0.01356    -0.01344     0.00000
       34.93768      137.57549     0.01850     0.03334    -0.01484     0.00000
       35.24700      137.58767    -0.00180     0.01033    -0.01213     0.00000
       35.88000      137.59827    -0.00520    -0.00122    -0.00398     0.00000
       35.66123      137.62016     0.01090     0.01835    -0.00745     0.00000
       34.70212      137.63688     0.04780     0.06500    -0.01720     0.00000
       34.83533      137.67234     0.01650     0.03321    -0.01671     0.00000
       35.34373      137.67640     0.00220     0.01430    -0.01210     0.00000
       34.75204      137.68078     0.01300     0.03038    -0.01738     0.00000
       36.08466      137.68263    -0.00750    -0.00612    -0.00138     0.00000
       35.07929      137.69524     0.01610     0.03111    -0.01501     0.00000
       35.78362      137.69626     0.00820     0.01469    -0.00649     0.00000
       34.67231      137.72338    -0.00250     0.01587    -0.01837     0.00000
       35.94460      137.78544    -0.00340     0.00149    -0.00489     0.00000
       34.79284      137.79179     0.04210     0.06053    -0.01843     0.00000
       35.77753      137.81448     0.04250     0.05046    -0.00796     0.00000
       35.52109      137.81524    -0.01630    -0.00467    -0.01163     0.00000
       34.94134      137.81794     0.00910     0.02678    -0.01768     0.00000
       34.67188      137.82342     0.04110     0.06067    -0.01957     0.00000
       36.49977      137.85112    -0.00500    -0.01034     0.00534     0.00000
       35.16045      137.86876    -0.00730     0.00913    -0.01643     0.00000
       36.22837      137.87175     0.02560     0.02618    -0.00058     0.00000
       36.70647      137.87233     0.00940    -0.00048     0.00988     0.00000
       37.04517      137.87385     0.01740    -0.00062     0.01802     0.00000
       36.95087      137.89387     0.02410     0.00847     0.01563     0.00000
       36.32237      137.90282     0.02450     0.02347     0.00103     0.00000
       34.75539      137.91128    -0.01490     0.00528    -0.02018     0.00000
       35.31714      137.92527     0.00170     0.01726    -0.01556     0.00000
       34.84386      137.93215    -0.00380     0.01608    -0.01988     0.00000
       34.67042      137.93744    -0.00730     0.01371    -0.02101     0.00000
       35.92358      137.94381    -0.01470    -0.00754    -0.00716     0.00000
       34.90205      137.94681     0.02220     0.04186    -0.01966     0.00000
       35.03152      137.98042     0.01430     0.03341    -0.01911     0.00000
       36.12111      137.98301    -0.03260    -0.02861    -0.00399     0.00000
       35.72629      137.98389     0.01300     0.02395    -0.01095     0.00000
       36.23903      137.98455     0.01360     0.01522    -0.00162     0.00000
       34.78595      138.01753    -0.02030     0.00110    -0.02140     0.00000
       35.55613      138.03832     0.00830     0.02251    -0.01421     0.00000
       34.66641      138.04652     0.00330     0.02577    -0.02247     0.00000
       34.71525      138.05354    -0.02220     0.00010    -0.02230     0.00000
       34.93980      138.07486     0.00000     0.02117    -0.02117     0.00000
       35.04488      138.08168    -0.00530     0.01515    -0.02045     0.00000
       35.87842      138.09571     0.01490     0.02495    -0.01005     0.00000
       36.70665      138.09673    -0.01220    -0.02029     0.00809     0.00000
       34.67992      138.09829     0.01640     0.03951    -0.02311     0.00000
       37.16079      138.10019     0.00060    -0.01959     0.02019     0.00000
       36.52360      138.12095    -0.01320    -0.01644     0.00324     0.00000
       34.64290      138.12929    -0.00340     0.02032    -0.02372     0.00000
       35.10391      138.13490    -0.02480    -0.00406    -0.02074     0.00000
       34.75776      138.13692     0.00000     0.02324    -0.02324     0.00000
       34.63454      138.15904     0.01870     0.04288    -0.02418     0.00000
       34.84941      138.17674    -0.05260    -0.02932    -0.02328     0.00000
       34.67775      138.18296    -0.00330     0.02102    -0.02432     0.00000
       35.32207      138.18578    -0.02720    -0.00782    -0.01938     0.00000
       36.86540      138.19867    -0.01580    -0.02720     0.01140     0.00000
       35.06697      138.20998     0.00040     0.02262    -0.02222     0.00000
       36.02616      138.21448     0.01630     0.02541    -0.00911     0.00000
       34.60315      138.21525     0.01690     0.04201    -0.02511     0.00000
       36.20847      138.21649    -0.00030     0.00506    -0.00536     0.00000
       34.73831      138.22560    -0.01050     0.01414    -0.02464     0.00000
       37.05668      138.24259     0.00460    -0.01189     0.01649     0.00000
       36.66515      138.24747     0.01160     0.00618     0.00542     0.00000
       34.95435      138.24990     0.00430     0.02801    -0.02371     0.00000
       35.20098      138.25351     0.04220     0.06394    -0.02174     0.00000
       37.81590      138.27307     0.03100    -0.00692     0.03792     0.00000
       35.85598      138.31640     0.00620     0.02020    -0.01400     0.00000
       36.38618      138.32252     0.02220     0.02503    -0.00283     0.00000
       34.83617      138.33122     0.01200     0.03775    -0.02575     0.00000
       37.23112      138.33357     0.04900     0.02788     0.02112     0.00000
       36.13311      138.36204     0.01880     0.02815    -0.00935     0.00000
       36.26099      138.36604    -0.01060    -0.00406    -0.00654     0.00000
       35.10346      138.36870    -0.01620     0.00836    -0.02456     0.00000
       38.02369      138.36988     0.02690    -0.01664     0.04354     0.00000
       34.99052      138.37830     0.02170     0.04727    -0.02557     0.00000
       36.80171      138.43617     0.03600     0.02906     0.00694     0.00000
       35.90493      138.44421     0.01000     0.02547    -0.01547     0.00000
       35.44358      138.44525     0.00190     0.02444    -0.02254     0.00000
       35.28946      138.44570    -0.01520     0.00905    -0.02425     0.00000
       35.67369      138.45682    -0.01770     0.00193    -0.01963     0.00000
       37.10708      138.45736    -0.03350    -0.04977     0.01627     0.00000
       36.13064      138.46097    -0.01490    -0.00368    -0.01122     0.00000
       38.06328      138.47168     0.06590     0.02078     0.04512     0.00000
       36.28471      138.49928    -0.02470    -0.01633    -0.00837     0.00000
       38.31935      138.51309     0.03510    -0.01598     0.05108     0.00000
       34.98650      138.51568     0.00900     0.03702    -0.02802     0.00000
       37.34854      138.51637     0.01810    -0.00565     0.02375     0.00000
       35.06741      138.52471    -0.00760     0.02004    -0.02764     0.00000
       36.50800      138.55271     0.03280     0.03634    -0.00354     0.00000
       35.36208      138.56343    -0.01560     0.01020    -0.02580     0.00000
       37.39768      138.57440     0.01440    -0.01062     0.02502     0.00000
       35.97415      138.58303    -0.00440     0.01259    -0.01699     0.00000
       35.59034      138.58330    -0.01990     0.00353    -0.02343     0.00000
       36.61632      138.59145    -0.00350    -0.00237    -0.00113     0.00000
       35.46769      138.60687     0.02950     0.05501    -0.02551     0.00000
       37.07913      138.60872     0.01810     0.00447     0.01363     0.00000
       35.11715      138.60997    -0.01230     0.01663    -0.02893     0.00000
       35.20318      138.61699     0.04560     0.07399    -0.02839     0.00000
       36.85669      138.62425     0.01530     0.00945     0.00585     0.00000
       37.21211      138.63460     0.02320     0.00522     0.01798     0.00000
       36.34601      138.63780     0.00590     0.01555    -0.00965     0.00000
       35.64952      138.69038     0.00930     0.03427    -0.02497     0.00000
       35.74687      138.69513     0.01460     0.03820    -0.02360     0.00000
       37.53583      138.70694     0.01510    -0.01389     0.02899     0.00000
       35.17359      138.72154     0.01310     0.04390    -0.03080     0.00000
       35.36077      138.72730    -0.01570     0.01362    -0.02932     0.00000
       34.69025      138.76279    -0.02930     0.00449    -0.03379     0.00000
       35.30554      138.77067    -0.00910     0.02171    -0.03081     0.00000
       34.85503      138.77652    -0.01230     0.02133    -0.03363     0.00000
       37.49866      138.77954     0.03280     0.00577     0.02703     0.00000
       37.66752      138.78051     0.01380    -0.01953     0.03333     0.00000
       34.77607      138.78606    -0.01760     0.01645    -0.03405     0.00000
       37.31131      138.78998     0.03200     0.01228     0.01972     0.00000
       34.97057      138.79466     0.00610     0.03964    -0.03354     0.00000
       35.49659      138.81404    -0.02400     0.00590    -0.02990     0.00000
       36.99346      138.83084     0.04590     0.03907     0.00683     0.00000
       34.61000      138.83842     0.00920     0.04449    -0.03529     0.00000
       36.59138      138.84789     0.02590     0.03348    -0.00758     0.00000
       36.25903      138.86541    -0.01180     0.00572    -0.01752     0.00000
       34.71947      138.87647    -0.00070     0.03521    -0.03591     0.00000
       37.77699      138.88044     0.03080    -0.00602     0.03682     0.00000
       35.32160      138.88165    -0.02100     0.01228    -0.03328     0.00000
       35.11002      138.90186     0.01690     0.05210    -0.03520     0.00000
       36.69703      138.90626    -0.01380    -0.00814    -0.00566     0.00000
       35.04724      138.90689    -0.03360     0.00202    -0.03562     0.00000
       36.14275      138.91242     0.00180     0.02345    -0.02165     0.00000
       37.58974      138.92028     0.01640    -0.01278     0.02918     0.00000
       34.86559      138.92225    -0.03420     0.00238    -0.03658     0.00000
       34.91611      138.92482    -0.04000    -0.00350    -0.03650     0.00000
       35.92993      138.92605     0.00080     0.02724    -0.02644     0.00000
       35.20439      138.92835    -0.05790    -0.02263    -0.03527     0.00000
       37.16604      138.93372    -0.02440    -0.03584     0.01144     0.00000
       34.69890      138.93933     0.01190     0.04907    -0.03717     0.00000
       36.77806      138.94482    -0.00580    -0.00192    -0.00388     0.00000
       35.75387      138.94999    -0.00940     0.02068    -0.03008     0.00000
       35.11417      138.97387    -0.03420     0.00266    -0.03686     0.00000
       35.62335      138.97585    -0.00880     0.02380    -0.03260     0.00000
       37.89647      138.98886     0.01350    -0.02722     0.04072     0.00000
       34.75135      138.98982    -0.02010     0.01806    -0.03816     0.00000
       35.01483      138.99793     0.01560     0.05343    -0.03783     0.00000
       37.46772      138.99801     0.02420     0.00122     0.02298     0.00000
       34.92182      139.01369     0.00540     0.04384    -0.03844     0.00000
       36.39535      139.01671     0.02220     0.04063    -0.01843     0.00000
       37.31987      139.02025     0.01250    -0.00361     0.01611     0.00000
       35.51187      139.02578     0.00240     0.03767    -0.03527     0.00000
       35.41535      139.04518     0.00670     0.04341    -0.03671     0.00000
       35.24552      139.04934    -0.04870    -0.01067    -0.03803     0.00000
       36.53926      139.05673    -0.03920    -0.02374    -0.01546     0.00000
       37.66230      139.05912     0.01270    -0.01779     0.03049     0.00000
       36.83735      139.06085    -0.02020    -0.01505    -0.00515     0.00000
       36.23467      139.06664     0.00860     0.03293    -0.02433     0.00000
       34.94976      139.06990    -0.00250     0.03717    -0.03967     0.00000
       37.75206      139.07391     0.03620     0.00203     0.03417     0.00000
       35.98689      139.07569    -0.00490     0.02508    -0.02998     0.00000
       35.00685      139.08197     0.03560     0.07543    -0.03983     0.00000
       34.97186      139.10169    -0.00980     0.03058    -0.04038     0.00000
       35.14860      139.11044    -0.01990     0.02019    -0.04009     0.00000
       37.54034      139.11145    -0.02870    -0.05284     0.02414     0.00000
       34.87847      139.12436    -0.00410     0.03693    -0.04103     0.00000
       34.93931      139.13116     0.02050     0.06163    -0.04113     0.00000
       34.20048      139.13445     0.01000     0.04969    -0.03969     0.00000
       34.23991      139.13757    -0.01140     0.02851    -0.03991     0.00000
       35.26860      139.14241    -0.03450     0.00588    -0.04038     0.00000
       35.61027      139.15723    -0.04260    -0.00447    -0.03813     0.00000
       35.33621      139.16260     0.01020     0.05076    -0.04056     0.00000
       35.04063      139.17103    -0.01050     0.03145    -0.04195     0.00000
       35.88405      139.18220    -0.02420     0.01118    -0.03538     0.00000
       35.42852      139.20487    -0.02160     0.01960    -0.04120     0.00000
       34.33312      139.21094     0.02540     0.06701    -0.04161     0.00000
       36.76969      139.22490    -0.02750    -0.01373    -0.01377     0.00000
       37.82816      139.22604     0.02370    -0.01169     0.03539     0.00000
       37.15762      139.24711     0.00200    -0.00007     0.00207     0.00000
       38.46539      139.25335     0.07390     0.01493     0.05897     0.00000
       36.26769      139.25464     0.02170     0.05233    -0.03063     0.00000
       34.37183      139.25791    -0.05240    -0.00974    -0.04266     0.00000
       35.30490      139.26269     0.01970     0.06333    -0.04363     0.00000
       35.72376      139.26813    -0.01910     0.02147    -0.04057     0.00000
       36.00374      139.26933    -0.05060    -0.01397    -0.03663     0.00000
       34.51963      139.27093    -0.01480     0.02877    -0.04357     0.00000
       35.48264      139.32258    -0.01630     0.02825    -0.04455     0.00000
       36.42163      139.33039    -0.00860     0.02144    -0.03004     0.00000
       36.12095      139.34517    -0.01080     0.02685    -0.03765     0.00000
       37.92938      139.35146     0.02370    -0.01421     0.03791     0.00000
       34.73761      139.35859    -0.01070     0.03559    -0.04629     0.00000
       37.30280      139.36435    -0.00160    -0.00624     0.00464     0.00000
       35.80080      139.36597    -0.02400     0.01931    -0.04331     0.00000
       35.39149      139.36606    -0.04300     0.00345    -0.04645     0.00000
       35.61643      139.36990    -0.01850     0.02673    -0.04523     0.00000
       34.78442      139.38139     0.01360     0.06059    -0.04699     0.00000
       37.03693      139.40223    -0.01190    -0.00127    -0.01063     0.00000
       34.68679      139.43322    -0.02130     0.02652    -0.04782     0.00000
       34.76154      139.43402    -0.00570     0.04248    -0.04818     0.00000
       42.06050      139.44615     0.01420     0.00423     0.00997     0.00000
       38.05618      139.46168    -0.00960    -0.05137     0.04177     0.00000
       35.92550      139.46429    -0.02780     0.01814    -0.04594     0.00000
       35.32668      139.46607    -0.00580     0.04412    -0.04992     0.00000
       35.52141      139.46784     0.00020     0.04957    -0.04937     0.00000
       37.68591      139.47789    -0.01020    -0.03158     0.02138     0.00000
       34.07578      139.47881    -0.05250    -0.00789    -0.04461     0.00000
       35.71037      139.48826    -0.03120     0.01783    -0.04903     0.00000
       36.62417      139.49059     0.01960     0.05219    -0.03259     0.00000
       37.28149      139.50377     0.04500     0.04839    -0.00339     0.00000
       34.12107      139.50385     0.02500     0.07040    -0.04540     0.00000
       36.87225      139.50531    -0.01130     0.01285    -0.02415     0.00000
       38.23069      139.50957     0.00670    -0.04219     0.04889     0.00000
       42.15355      139.51960     0.02460     0.01652     0.00808     0.00000
       35.41927      139.52192    -0.00980     0.04185    -0.05165     0.00000
       37.47346      139.52863    -0.00650    -0.01300     0.00650     0.00000
       38.51120      139.53382     0.05750    -0.00166     0.05916     0.00000
       36.29516      139.54230    -0.02650     0.01771    -0.04421     0.00000
       34.05911      139.54715    -0.01490     0.03069    -0.04559     0.00000
       39.18556      139.54766     0.04660    -0.02202     0.06862     0.00000
       34.09376      139.56176     0.03160     0.07774    -0.04614     0.00000
       37.09725      139.58616    -0.03040    -0.01157    -0.01883     0.00000
       35.16087      139.61384    -0.01490     0.03973    -0.05463     0.00000
       36.66598      139.61925    -0.01610     0.02387    -0.03997     0.00000
       35.66370      139.63065    -0.13140    -0.07617    -0.05523     0.00000
       36.08723      139.63672    -0.04000     0.01273    -0.05273     0.00000
       35.75803      139.64454    -0.05180     0.00369    -0.05549     0.00000
       35.93747      139.65186    -0.02410     0.03074    -0.05484     0.00000
       35.43648      139.65375    -0.00760     0.04889    -0.05649     0.00000
       35.26709      139.66484    -0.02120     0.03543    -0.05663     0.00000
       35.56340      139.67335    -0.03860     0.01864    -0.05724     0.00000
       38.70117      139.67453     0.03140    -0.03170     0.06310     0.00000
       37.32621      139.68635    -0.03670    -0.02376    -0.01294     0.00000
       36.40185      139.72642    -0.03900     0.01564    -0.05464     0.00000
       38.14618      139.74225    -0.00130    -0.03910     0.03780     0.00000
       36.53763      139.75279    -0.02300     0.03133    -0.05433     0.00000
       39.96790      139.77615    -0.00170    -0.05689     0.05519     0.00000
       37.64370      139.79151    -0.01020    -0.01096     0.00076     0.00000
       35.89597      139.79599    -0.02890     0.03388    -0.06278     0.00000
       36.01090      139.79993    -0.05160     0.01128    -0.06288     0.00000
       36.97958      139.80575    -0.04370     0.00079    -0.04449     0.00000
       38.89460      139.80885     0.05790    -0.00772     0.06562     0.00000
       36.20367      139.81053    -0.03070     0.03232    -0.06302     0.00000
       35.78021      139.81281    -0.03830     0.02536    -0.06366     0.00000
       35.31170      139.82552    -0.07010    -0.00745    -0.06265     0.00000
       38.59404      139.83177     0.01440    -0.04224     0.05664     0.00000
       37.46129      139.83552    -0.04880    -0.03199    -0.01681     0.00000
       39.89113      139.84893     0.03400    -0.02293     0.05693     0.00000
       36.77637      139.85426    -0.02720     0.03117    -0.05837     0.00000
       42.45073      139.85767    -0.00750    -0.00882     0.00132     0.00000
       34.95408      139.86408    -0.00560     0.05559    -0.06119     0.00000
       37.26107      139.87143    -0.01930     0.01594    -0.03524     0.00000
       37.92058      139.87941     0.00510    -0.00955     0.01465     0.00000
       35.67546      139.90235    -0.02030     0.04757    -0.06787     0.00000
       36.45658      139.90251    -0.06000     0.00979    -0.06979     0.00000
       39.20606      139.90772     0.06550    -0.00189     0.06739     0.00000
       36.59895      139.92347    -0.06820     0.00251    -0.07071     0.00000
       39.01597      139.92750     0.04230    -0.02340     0.06570     0.00000
       40.57764      139.92812     0.00910    -0.02633     0.03543     0.00000
       36.11481      139.93150    -0.05010     0.02195    -0.07205     0.00000
       38.75972      139.95737     0.03720    -0.02162     0.05882     0.00000
       35.14380      139.96847    -0.02190     0.04463    -0.06653     0.00000
       37.66929      139.97266    -0.02950    -0.01473    -0.01477     0.00000
       35.00279      139.97489    -0.01030     0.05489    -0.06519     0.00000
       36.30070      139.98777    -0.06450     0.01381    -0.07831     0.00000
       35.94029      139.99272    -0.05900     0.01597    -0.07497     0.00000
       42.13085      140.00395    -0.01980    -0.02243     0.00263     0.00000
       40.09970      140.00550     0.02120    -0.02826     0.04946     0.00000
       40.73063      140.01099     0.00120    -0.02854     0.02974     0.00000
       42.68534      140.01178    -0.02530    -0.02309    -0.00221     0.00000
       35.78647      140.02475    -0.02250     0.05281    -0.07531     0.00000
       40.33940      140.02757     0.03710    -0.00444     0.04154     0.00000
       37.12470      140.03541    -0.04160     0.02625    -0.06785     0.00000
       36.85423      140.03926    -0.08510    -0.00332    -0.08178     0.00000
       41.46638      140.04065     0.01070    -0.00102     0.01172     0.00000
       39.82581      140.04472     0.03010    -0.02698     0.05708     0.00000
       35.65721      140.04809    -0.02160     0.05356    -0.07516     0.00000
       39.39870      140.04824     0.06090    -0.00405     0.06495     0.00000
       40.24730      140.04868     0.03360    -0.01062     0.04422     0.00000
       35.44778      140.05133    -0.08260    -0.00957    -0.07303     0.00000
       39.52756      140.05393     0.04410    -0.01928     0.06338     0.00000
       41.80303      140.07123    -0.01060    -0.01635     0.00575     0.00000
       37.56695      140.07268    -0.04760    -0.01013    -0.03747     0.00000
       38.19754      140.07757    -0.00940    -0.02843     0.01903     0.00000
       36.36491      140.07795    -0.07450     0.01457    -0.08907     0.00000
       35.11186      140.07927    -0.04550     0.02458    -0.07008     0.00000
       36.10364      140.08631    -0.04470     0.03978    -0.08448     0.00000
       36.10558      140.08712    -0.06600     0.01859    -0.08459     0.00000
       36.10611      140.08719    -0.04870     0.03591    -0.08461     0.00000
       36.10568      140.08750    -0.05500     0.02962    -0.08462     0.00000
       37.96361      140.09353    -0.04930    -0.04646    -0.00284     0.00000
       38.43434      140.09463    -0.01320    -0.04825     0.03505     0.00000
       42.00807      140.10732     0.00630     0.00374     0.00256     0.00000
       39.93605      140.13238     0.02170    -0.03117     0.05287     0.00000
       37.42451      140.13588    -0.07720    -0.01534    -0.06186     0.00000
       35.87365      140.14549    -0.06890     0.01521    -0.08411     0.00000
       35.33314      140.14679    -0.00910     0.06660    -0.07570     0.00000
       36.69246      140.15769    -0.06690     0.03918    -0.10608     0.00000
       39.16421      140.16198     0.05130    -0.01080     0.06210     0.00000
       36.95231      140.16476    -0.07980     0.02288    -0.10268     0.00000
       36.26327      140.17426    -0.07800     0.01986    -0.09786     0.00000
       36.54222      140.17931    -0.11080    -0.00283    -0.10797     0.00000
       38.93810      140.18347     0.00820    -0.04764     0.05584     0.00000
       35.54414      140.18656    -0.03210     0.04854    -0.08064     0.00000
       38.28898      140.19992    -0.00950    -0.02291     0.01341     0.00000
       36.03134      140.20244    -0.06060     0.03184    -0.09244     0.00000
       37.61595      140.20565    -0.08980    -0.03393    -0.05587     0.00000
       37.29304      140.21275    -0.07330     0.01728    -0.09058     0.00000
       38.62841      140.22051    -0.01110    -0.04872     0.03762     0.00000
       42.78643      140.23320    -0.00680    -0.00146    -0.00534     0.00000
       39.65831      140.23421     0.04810    -0.01015     0.05825     0.00000
       35.28838      140.24916    -0.04920     0.03006    -0.07926     0.00000
       42.24368      140.25048    -0.02060    -0.01865    -0.00195     0.00000
       37.12629      140.25993    -0.11310     0.00345    -0.11655     0.00000
       40.27116      140.26366     0.02570    -0.01421     0.03991     0.00000
       35.16590      140.26802    -0.04710     0.03075    -0.07785     0.00000
       38.14810      140.27114    -0.05070    -0.04060    -0.01010     0.00000
       40.77898      140.27298     0.04220     0.01858     0.02362     0.00000
       39.29674      140.27893     0.03080    -0.02894     0.05974     0.00000
       36.65057      140.29342    -0.13400     0.00120    -0.13520     0.00000
       41.12172      140.29353    -0.01590    -0.03017     0.01427     0.00000
       40.57518      140.29499     0.01630    -0.01301     0.02931     0.00000
       36.77896      140.29649    -0.10440     0.03453    -0.13893     0.00000
       35.71745      140.31515    -0.06670     0.02426    -0.09096     0.00000
       41.59903      140.31589    -0.01510    -0.01971     0.00461     0.00000
       35.53012      140.31824    -0.02370     0.06316    -0.08686     0.00000
       38.75860      140.31874    -0.00200    -0.03945     0.03745     0.00000
       37.36182      140.32439    -0.07650     0.03652    -0.11302     0.00000
       35.42113      140.33737    -0.02140     0.06415    -0.08555     0.00000
       36.09694      140.34315    -0.06700     0.04128    -0.10828     0.00000
       42.49436      140.35420     0.00760     0.01288    -0.00528     0.00000
       38.49677      140.36515    -0.01480    -0.02501     0.01021     0.00000
       38.33103      140.36609    -0.04050    -0.03355    -0.00695     0.00000
       41.93485      140.37123     0.00090     0.00175    -0.00085     0.00000
       37.62073      140.37290    -0.03640     0.05907    -0.09547     0.00000
       37.02358      140.37627    -0.14610     0.01331    -0.15941     0.00000
       35.24324      140.38491    -0.03620     0.04774    -0.08394     0.00000
       36.47585      140.38569    -0.12960     0.01635    -0.14595     0.00000
       39.54929      140.38662     0.02580    -0.03030     0.05610     0.00000
       38.17044      140.39388    -0.11260    -0.08188    -0.03072     0.00000
       40.00688      140.40199     0.03670    -0.00887     0.04557     0.00000
       35.97041      140.40295    -0.07780     0.02846    -0.10626     0.00000
       35.80333      140.40701    -0.05850     0.04058    -0.09908     0.00000
       40.18332      140.40815     0.00760    -0.03211     0.03971     0.00000
       36.86209      140.41327    -0.16690     0.01001    -0.17691     0.00000
       37.98993      140.44257    -0.09890    -0.03326    -0.06564     0.00000
       37.83350      140.44679    -0.09470    -0.00636    -0.08834     0.00000
       39.05438      140.44733     0.02870    -0.01536     0.04406     0.00000
       35.64235      140.44830    -0.06610     0.03015    -0.09625     0.00000
       37.21056      140.45097    -0.13920     0.03400    -0.17320     0.00000
       40.91018      140.45157    -0.00130    -0.01722     0.01592     0.00000
       37.44487      140.46403    -0.18890    -0.03958    -0.14932     0.00000
       37.68331      140.46649    -0.06880     0.04730    -0.11610     0.00000
       36.34437      140.47633    -0.17860    -0.02863    -0.14997     0.00000
       40.62435      140.47853     0.02370     0.00028     0.02342     0.00000
       41.18508      140.49077     0.02470     0.01625     0.00845     0.00000
       38.75216      140.49726    -0.05660    -0.07214     0.01554     0.00000
       36.74303      140.49760    -0.21730    -0.01218    -0.20512     0.00000
       39.19910      140.50669     0.00020    -0.04600     0.04620     0.00000
       41.71133      140.53503     0.00680     0.00812    -0.00132     0.00000
       39.92139      140.53586     0.01740    -0.02700     0.04440     0.00000
       42.98525      140.54394    -0.00690     0.00282    -0.00972     0.00000
       36.18131      140.54448    -0.12090     0.01745    -0.13835     0.00000
       39.32700      140.55978     0.02840    -0.01851     0.04691     0.00000
       37.08930      140.56164    -0.23690    -0.00143    -0.23547     0.00000
       42.09861      140.56886     0.00450     0.01040    -0.00590     0.00000
       37.59109      140.57165    -0.15210     0.01932    -0.17142     0.00000
       40.32505      140.57735     0.02470    -0.00564     0.03034     0.00000
       40.52365      140.57815     0.03830     0.01449     0.02381     0.00000
       40.70628      140.58922     0.00260    -0.01530     0.01790     0.00000
       39.50814      140.59609     0.03130    -0.01651     0.04781     0.00000
       39.74916      140.59704    -0.01270    -0.05892     0.04622     0.00000
       42.80272      140.60352    -0.03230    -0.02230    -0.01000     0.00000
       36.53993      140.61184    -0.23700    -0.01733    -0.21967     0.00000
       39.05190      140.62959    -0.06200    -0.08768     0.02568     0.00000
       41.04322      140.63589     0.01180     0.00399     0.00781     0.00000
       37.98441      140.64564    -0.12320     0.01458    -0.13778     0.00000
       35.77730      140.64682    -0.05170     0.05983    -0.11153     0.00000
       35.95545      140.65924    -0.11020     0.01278    -0.12298     0.00000
       37.32547      140.66211    -0.23730     0.02490    -0.26220     0.00000
       42.12314      140.66687    -0.00480     0.00305    -0.00785     0.00000
       36.93262      140.69015    -0.35840    -0.04248    -0.31592     0.00000
       39.14620      140.71505    -0.04510    -0.06840     0.02330     0.00000
       41.97669      140.71544    -0.01230    -0.00459    -0.00771     0.00000
       37.18309      140.71600    -0.28870     0.02883    -0.31753     0.00000
       37.82460      140.72766    -0.22820    -0.01999    -0.20821     0.00000
       38.57181      140.72772    -0.07960    -0.01534    -0.06426     0.00000
       39.70268      140.73285     0.01070    -0.03010     0.04080     0.00000
       41.82607      140.74783    -0.01740    -0.01029    -0.00711     0.00000
       36.80031      140.75391    -0.39310    -0.04961    -0.34349     0.00000
       38.25775      140.75470    -0.13060     0.00770    -0.13830     0.00000
       37.56055      140.75507    -0.24090     0.03563    -0.27653     0.00000
       42.55138      140.76762    -0.01260    -0.00100    -0.01160     0.00000
       39.35130      140.76918    -0.01930    -0.05112     0.03182     0.00000
       40.21544      140.78733     0.02900     0.00241     0.02659     0.00000
       38.74894      140.80164    -0.08340    -0.03005    -0.05335     0.00000
       40.64357      140.80335     0.01600     0.00323     0.01277     0.00000
       42.04297      140.80554     0.02240     0.03239    -0.00999     0.00000
       37.33670      140.80845    -0.28670     0.07066    -0.35736     0.00000
       40.83441      140.81054     0.03660     0.02920     0.00740     0.00000
       41.14555      140.82199     0.03020     0.02999     0.00021     0.00000
       42.64629      140.82568    -0.00440     0.00831    -0.01271     0.00000
       38.93403      140.83319    -0.07930    -0.05365    -0.02565     0.00000
       39.55446      140.83632    -0.02410    -0.05785     0.03375     0.00000
       35.72636      140.83723    -0.06120     0.05630    -0.11750     0.00000
       37.01845      140.84165    -0.49210    -0.06977    -0.42233     0.00000
       38.02966      140.84399    -0.20780     0.03106    -0.23886     0.00000
       38.54622      140.84787    -0.13420    -0.01534    -0.11886     0.00000
       38.41176      140.85137    -0.16300    -0.00841    -0.15459     0.00000
       42.47390      140.87637    -0.00280     0.01032    -0.01312     0.00000
       41.45530      140.88051     0.01040     0.01675    -0.00635     0.00000
       42.85789      140.88334    -0.01540    -0.00159    -0.01381     0.00000
       42.55793      140.89880    -0.02940    -0.01573    -0.01367     0.00000
       37.09071      140.90251    -0.49940    -0.03465    -0.46475     0.00000
       37.80067      140.90808    -0.32090     0.01686    -0.33776     0.00000
       41.74059      140.92933     0.06890     0.07948    -0.01058     0.00000
       40.44763      140.94159     0.02410     0.01113     0.01297     0.00000
       42.37421      140.94241    -0.00830     0.00570    -0.01400     0.00000
       38.17712      140.94369    -0.24160     0.03645    -0.27805     0.00000
       38.31749      140.95418    -0.28200    -0.03423    -0.24777     0.00000
       39.70109      140.96450     0.01850    -0.00828     0.02678     0.00000
       41.19966      140.98381     0.00330     0.00920    -0.00590     0.00000
       39.12701      140.98846    -0.07130    -0.04583    -0.02547     0.00000
       40.92116      140.99023     0.03160     0.03268    -0.00108     0.00000
       38.68613      141.00433    -0.16860    -0.00973    -0.15887     0.00000
       40.10675      141.04646     0.02290     0.00565     0.01725     0.00000
       39.95308      141.06633     0.00920    -0.00982     0.01902     0.00000
       42.66788      141.07496    -0.01120     0.00533    -0.01653     0.00000
       40.29108      141.07647     0.01220     0.00131     0.01089     0.00000
       42.42055      141.08106    -0.00310     0.01344    -0.01654     0.00000
       41.46616      141.09447    -0.01710    -0.00437    -0.01273     0.00000
       40.57998      141.10602     0.02560     0.02380     0.00180     0.00000
       40.86236      141.13181     0.05060     0.05622    -0.00562     0.00000
       41.83400      141.14218    -0.00340     0.01309    -0.01649     0.00000
       38.53948      141.14754    -0.34770    -0.01649    -0.33121     0.00000
       38.99546      141.14852    -0.17890    -0.06729    -0.11161     0.00000
       38.66063      141.16072    -0.28580    -0.00622    -0.27958     0.00000
       39.85125      141.16486     0.00130    -0.01137     0.01267     0.00000
       39.59657      141.17210    -0.01870    -0.02365     0.00495     0.00000
       40.62507      141.19783    -0.01130    -0.00751    -0.00379     0.00000
       39.11062      141.20392    -0.18350    -0.09347    -0.09003     0.00000
       38.42506      141.21291    -0.52030    -0.05865    -0.46165     0.00000
       41.30077      141.21328     0.02190     0.03698    -0.01508     0.00000
       39.98057      141.22506     0.02820     0.02049     0.00771     0.00000
       38.90193      141.28319    -0.33970    -0.11078    -0.22892     0.00000
       42.97138      141.29033     0.00200     0.02122    -0.01922     0.00000
       39.46469      141.29300    -0.06070    -0.03624    -0.02446     0.00000
       40.29115      141.29369     0.00190     0.00390    -0.00200     0.00000
       38.50984      141.30440    -0.58510    -0.05727    -0.52783     0.00000
       39.23537      141.31167    -0.16350    -0.08196    -0.08154     0.00000
       38.74322      141.31786    -0.41820    -0.04942    -0.36878     0.00000
       40.50876      141.33199     0.03490     0.04367    -0.00877     0.00000
       42.54980      141.36148    -0.03470    -0.01331    -0.02139     0.00000
       40.96824      141.36796     0.01000     0.02790    -0.01790     0.00000
       40.67640      141.37621     0.00410     0.01841    -0.01431     0.00000
       41.16093      141.38569     0.00690     0.02742    -0.02052     0.00000
       39.01211      141.40085    -0.31440    -0.08389    -0.23051     0.00000
       42.77319      141.40709     0.00290     0.02438    -0.02148     0.00000
       39.63937      141.42613    -0.04530    -0.02193    -0.02337     0.00000
       41.40471      141.44759    -0.03550    -0.01126    -0.02424     0.00000
       38.68270      141.44937    -0.66390    -0.09201    -0.57189     0.00000
       39.84902      141.45259    -0.05120    -0.03720    -0.01400     0.00000
       40.04860      141.46194    -0.02090    -0.00883    -0.01207     0.00000
       40.27104      141.48486    -0.01430     0.00108    -0.01538     0.00000
       38.30119      141.50069    -1.12820    -0.16108    -0.96712     0.00000
       40.51536      141.51128    -0.01900     0.00132    -0.02032     0.00000
       39.33806      141.53416    -0.22690    -0.11635    -0.11055     0.00000
       38.90286      141.57259    -0.63710    -0.17263    -0.46447     0.00000
       39.14309      141.57549    -0.42660    -0.19172    -0.23488     0.00000
       42.88443      141.57742     0.00700     0.03056    -0.02356     0.00000
       42.65553      141.60226    -0.04550    -0.02041    -0.02509     0.00000
       39.97096      141.66218    -0.05120    -0.01755    -0.03365     0.00000
       39.59612      141.67529    -0.15310    -0.08223    -0.07087     0.00000
       40.40520      141.71313    -0.03080     0.00399    -0.03479     0.00000
       42.98325      141.73067    -0.00360     0.02156    -0.02516     0.00000
       39.02378      141.73985    -0.70250    -0.23135    -0.47115     0.00000
       40.13345      141.78910    -0.02380     0.02023    -0.04403     0.00000
       39.25352      141.79804    -0.49200    -0.22711    -0.26489     0.00000
       39.84918      141.80385    -0.12050    -0.06158    -0.05892     0.00000
       42.72944      141.86398    -0.01470     0.01419    -0.02889     0.00000
       39.57239      141.93996    -0.27920    -0.14098    -0.13822     0.00000
       39.86937      141.95054    -0.10240    -0.02241    -0.07999     0.00000
       39.45816      141.95526    -0.41720    -0.22405    -0.19315     0.00000
       39.73896      141.97022    -0.15810    -0.05592    -0.10218     0.00000
       42.48128      142.06022    -0.03000     0.00459    -0.03459     0.00000
       42.93377      142.08460     0.02610     0.05651    -0.03041     0.00000
       42.72724      142.29581    -0.00640     0.02931    -0.03571     0.00000
       42.35690      142.36460    -0.02880     0.01329    -0.04209     0.00000
       42.55426      142.39592    -0.01880     0.02086    -0.03966     0.00000
       42.98052      142.40197    -0.01350     0.02062    -0.03412     0.00000
       42.89063      142.53226    -0.00910     0.02783    -0.03693     0.00000
       42.24773      142.56745     0.00930     0.05741    -0.04811     0.00000
       42.27723      142.76795     0.00580     0.05721    -0.05141     0.00000
       42.13094      142.93539    -0.00600     0.05225    -0.05825     0.00000
       42.80334      142.95369    -0.00240     0.04118    -0.04358     0.00000
       42.69927      143.10326     0.00850     0.05582    -0.04732     0.00000
       42.48641      143.15197    -0.05870    -0.00609    -0.05261     0.00000
       42.00586      143.15653    -0.01310     0.05320    -0.06630     0.00000
       42.93886      143.17057    -0.01560     0.02787    -0.04347     0.00000
       42.67396      143.31280    -0.01090     0.03928    -0.05018     0.00000
       42.12559      143.31570    -0.02170     0.04331    -0.06501     0.00000
       42.32159      143.33100    -0.02610     0.03314    -0.05924     0.00000
       42.55165      143.46114    -0.01770     0.03687    -0.05457     0.00000
       42.80651      143.49497    -0.03480     0.01419    -0.04899     0.00000
       42.80034      143.65554     0.00450     0.05485    -0.05035     0.00000
       42.89451      143.92695    -0.02260     0.02728    -0.04988     0.00000
       42.96326      144.43194    -0.01040     0.03947    -0.04987     0.00000
       42.98257      144.71915    -0.01790     0.03162    -0.04952     0.00000
       38.88798      143.36219     1.60000     0.16292     1.43708     0.00000
       38.63646      143.26334     1.50000    -0.47104     1.97104     0.00000
       38.08094      142.91663     3.00000    -0.03913     3.03913     0.00000
       38.14886      142.43315    -0.80000     0.39907    -1.19907     0.00000
       37.16611      142.08090     0.90000     0.48404     0.41596     0.00000
