     lat_deg     lon_deg    depth_km  x_local_km  y_local_km   length_km    width_km  slp_strk_m  slp_ddip_m    slp_am_m  strike_deg     dip_deg    rake_deg sig_stk_MPa sig_ddi_MPa sig_nrm_MPa
     40.7161    144.4375      2.4197     10.0008     10.0000     20.0015     20.0000      0.0000      0.0000      0.0000    193.0347     14.0000      0.0000     -0.0037      0.0208     -0.0052
     40.7564    144.2135      7.2577     10.0008     30.0000     20.0015     20.0000      0.0000      0.0000      0.0000    193.0347     14.0000      0.0000     -0.0039      0.0203     -0.0049
     40.7964    143.9892     12.0961     10.0008     50.0000     20.0015     20.0000      0.0000      0.0000      0.0000    193.0347     14.0000      0.0000     -0.0057      0.0192     -0.0040
     40.8359    143.7647     16.9345     10.0008     70.0000     20.0015     20.0000      0.0000      0.0000      0.0000    193.0347     14.0000      0.0000     -0.0089      0.0181     -0.0028
     40.8751    143.5399     21.7730     10.0008     90.0000     20.0015     20.0000      0.0000      0.0000      0.0000    193.0347     14.0000      0.0000     -0.0131      0.0174     -0.0014
     40.9138    143.3149     26.6114     10.0008    110.0000     20.0015     20.0000      0.0000      0.0000      0.0000    193.0347     14.0000      0.0000     -0.0177      0.0174      0.0001
     40.9521    143.0896     31.4498     10.0008    130.0000     20.0015     20.0000      0.0000      0.0000      0.0000    193.0347     14.0000      0.0000     -0.0219      0.0181      0.0015
     40.9899    142.8641     36.2883     10.0008    150.0000     20.0015     20.0000      0.0000      0.0000      0.0000    193.0347     14.0000      0.0000     -0.0254      0.0191      0.0026
     41.0274    142.6383     41.1267     10.0008    170.0000     20.0015     20.0000      0.0000      0.0000      0.0000    193.0347     14.0000      0.0000     -0.0279      0.0204      0.0035
     41.0644    142.4122     45.9652     10.0008    190.0000     20.0015     20.0000      0.0000      0.0000      0.0000    193.0347     14.0000      0.0000     -0.0293      0.0216      0.0041
     40.5411    144.3824      2.4197     30.0023     10.0000     20.0015     20.0000      0.0000      0.0000      0.0000    193.0347     14.0000      0.0000     -0.0043      0.0261     -0.0065
     40.5814    144.1590      7.2577     30.0023     30.0000     20.0015     20.0000      0.0000      0.0000      0.0000    193.0347     14.0000      0.0000     -0.0047      0.0253     -0.0061
     40.6212    143.9353     12.0961     30.0023     50.0000     20.0015     20.0000      0.0000      0.0000      0.0000    193.0347     14.0000      0.0000     -0.0075      0.0238     -0.0048
     40.6607    143.7113     16.9345     30.0023     70.0000     20.0015     20.0000      0.0000      0.0000      0.0000    193.0347     14.0000      0.0000     -0.0126      0.0225     -0.0030
     40.6997    143.4871     21.7730     30.0023     90.0000     20.0015     20.0000      0.0000      0.0000      0.0000    193.0347     14.0000      0.0000     -0.0191      0.0220     -0.0009
     40.7383    143.2626     26.6114     30.0023    110.0000     20.0015     20.0000      0.0000      0.0000      0.0000    193.0347     14.0000      0.0000     -0.0256      0.0226      0.0012
     40.7765    143.0378     31.4498     30.0023    130.0000     20.0015     20.0000      0.0000      0.0000      0.0000    193.0347     14.0000      0.0000     -0.0312      0.0240      0.0030
     40.8143    142.8129     36.2883     30.0023    150.0000     20.0015     20.0000      0.0000      0.0000      0.0000    193.0347     14.0000      0.0000     -0.0354      0.0258      0.0045
     40.8516    142.5876     41.1267     30.0023    170.0000     20.0015     20.0000      0.0000      0.0000      0.0000    193.0347     14.0000      0.0000     -0.0380      0.0276      0.0055
     40.8886    142.3621     45.9652     30.0023    190.0000     20.0015     20.0000      0.0000      0.0000      0.0000    193.0347     14.0000      0.0000     -0.0389      0.0292      0.0061
     40.3661    144.3276      2.4197     50.0039     10.0000     20.0015     20.0000      0.0000      0.0000      0.0000    193.0347     14.0000      0.0000     -0.0050      0.0334     -0.0084
     40.4063    144.1047      7.2577     50.0039     30.0000     20.0015     20.0000      0.0000      0.0000      0.0000    193.0347     14.0000      0.0000     -0.0056      0.0324     -0.0077
     40.4461    143.8816     12.0961     50.0039     50.0000     20.0015     20.0000      0.0000      0.0000      0.0000    193.0347     14.0000      0.0000     -0.0105      0.0303     -0.0058
     40.4854    143.6581     16.9345     50.0039     70.0000     20.0015     20.0000      0.0000      0.0000      0.0000    193.0347     14.0000      0.0000     -0.0190      0.0289     -0.0030
     40.5243    143.4345     21.7730     50.0039     90.0000     20.0015     20.0000      0.0000      0.0000      0.0000    193.0347     14.0000      0.0000     -0.0290      0.0290      0.0002
     40.5628    143.2105     26.6114     50.0039    110.0000     20.0015     20.0000      0.0000      0.0000      0.0000    193.0347     14.0000      0.0000     -0.0383      0.0307      0.0032
     40.6009    142.9863     31.4498     50.0039    130.0000     20.0015     20.0000      0.0000      0.0000      0.0000    193.0347     14.0000      0.0000     -0.0456      0.0334      0.0057
     40.6386    142.7619     36.2883     50.0039    150.0000     20.0015     20.0000      0.0000      0.0000      0.0000    193.0347     14.0000      0.0000     -0.0503      0.0363      0.0075
     40.6759    142.5372     41.1267     50.0039    170.0000     20.0015     20.0000      0.0000      0.0000      0.0000    193.0347     14.0000      0.0000     -0.0523      0.0387      0.0086
     40.7127    142.3123     45.9652     50.0039    190.0000     20.0015     20.0000      0.0000      0.0000      0.0000    193.0347     14.0000      0.0000     -0.0521      0.0404      0.0091
     40.1911    144.2731      2.4197     70.0054     10.0000     20.0015     20.0000      0.0000      0.0000      0.0000    193.0347     14.0000      0.0000     -0.0053      0.0444     -0.0112
     40.2312    144.0508      7.2577     70.0054     30.0000     20.0015     20.0000      0.0000      0.0000      0.0000    193.0347     14.0000      0.0000     -0.0066      0.0429     -0.0102
     40.2708    143.8281     12.0961     70.0054     50.0000     20.0015     20.0000      0.0000      0.0000      0.0000    193.0347     14.0000      0.0000     -0.0157      0.0401     -0.0069
     40.3101    143.6053     16.9345     70.0054     70.0000     20.0015     20.0000      0.0000      0.0000      0.0000    193.0347     14.0000      0.0000     -0.0304      0.0391     -0.0022
     40.3489    143.3821     21.7730     70.0054     90.0000     20.0015     20.0000      0.0000      0.0000      0.0000    193.0347     14.0000      0.0000     -0.0462      0.0409      0.0028
     40.3873    143.1587     26.6114     70.0054    110.0000     20.0015     20.0000      0.0000      0.0000      0.0000    193.0347     14.0000      0.0000     -0.0594      0.0449      0.0071
     40.4253    142.9351     31.4498     70.0054    130.0000     20.0015     20.0000      0.0000      0.0000      0.0000    193.0347     14.0000      0.0000     -0.0682      0.0494      0.0104
     40.4629    142.7112     36.2883     70.0054    150.0000     20.0015     20.0000      0.0000      0.0000      0.0000    193.0347     14.0000      0.0000     -0.0724      0.0534      0.0124
     40.5001    142.4871     41.1267     70.0054    170.0000     20.0015     20.0000      0.0000      0.0000      0.0000    193.0347     14.0000      0.0000     -0.0726      0.0561      0.0134
     40.5368    142.2627     45.9652     70.0054    190.0000     20.0015     20.0000      0.0000      0.0000      0.0000    193.0347     14.0000      0.0000     -0.0700      0.0574      0.0135
     40.0161    144.2189      2.4197     90.0070     10.0000     20.0015     20.0000      0.0000      0.0000      0.0000    193.0347     14.0000      0.0000     -0.0044      0.0620     -0.0159
     40.0561    143.9971      7.2577     90.0070     30.0000     20.0015     20.0000      0.0000      0.0000      0.0000    193.0347     14.0000      0.0000     -0.0075      0.0599     -0.0142
     40.0956    143.7750     12.0961     90.0070     50.0000     20.0015     20.0000      0.0000      0.0000      0.0000    193.0347     14.0000      0.0000     -0.0263      0.0567     -0.0081
     40.1348    143.5526     16.9345     90.0070     70.0000     20.0015     20.0000      0.0000      0.0000      0.0000    193.0347     14.0000      0.0000     -0.0530      0.0581      0.0003
     40.1735    143.3300     21.7730     90.0070     90.0000     20.0015     20.0000      0.0000      0.0000      0.0000    193.0347     14.0000      0.0000     -0.0779      0.0640      0.0083
     40.2118    143.1072     26.6114     90.0070    110.0000     20.0015     20.0000      0.0000      0.0000      0.0000    193.0347     14.0000      0.0000     -0.0952      0.0715      0.0146
     40.2497    142.8841     31.4498     90.0070    130.0000     20.0015     20.0000      0.0000      0.0000      0.0000    193.0347     14.0000      0.0000     -0.1038      0.0781      0.0185
     40.2872    142.6608     36.2883     90.0070    150.0000     20.0015     20.0000      0.0000      0.0000      0.0000    193.0347     14.0000      0.0000     -0.1050      0.0823      0.0205
     40.3243    142.4372     41.1267     90.0070    170.0000     20.0015     20.0000      0.0000      0.0000      0.0000    193.0347     14.0000      0.0000     -0.1011      0.0839      0.0208
     40.3609    142.2134     45.9652     90.0070    190.0000     20.0015     20.0000      0.0000      0.0000      0.0000    193.0347     14.0000      0.0000     -0.0939      0.0831      0.0200
     39.8410    144.1650      2.4197    110.0085     10.0000     20.0015     20.0000      0.0000      0.0000      0.0000    193.0347     14.0000      0.0000      0.0014      0.0947     -0.0250
     39.8809    143.9437      7.2577    110.0085     30.0000     20.0015     20.0000      0.0000      0.0000      0.0000    193.0347     14.0000      0.0000     -0.0094      0.0936     -0.0216
     39.9204    143.7221     12.0961    110.0085     50.0000     20.0015     20.0000      0.0000      0.0000      0.0000    193.0347     14.0000      0.0000     -0.0525      0.0948     -0.0089
     39.9594    143.5003     16.9345    110.0085     70.0000     20.0015     20.0000      0.0000      0.0000      0.0000    193.0347     14.0000      0.0000     -0.1011      0.1036      0.0065
     39.9981    143.2782     21.7730    110.0085     90.0000     20.0015     20.0000      0.0000      0.0000      0.0000    193.0347     14.0000      0.0000     -0.1372      0.1159      0.0194
     40.0363    143.0559     26.6114    110.0085    110.0000     20.0015     20.0000      0.0000      0.0000      0.0000    193.0347     14.0000      0.0000     -0.1556      0.1260      0.0279
     40.0741    142.8334     31.4498    110.0085    130.0000     20.0015     20.0000      0.0000      0.0000      0.0000    193.0347     14.0000      0.0000     -0.1591      0.1315      0.0323
     40.1115    142.6106     36.2883    110.0085    150.0000     20.0015     20.0000      0.0000      0.0000      0.0000    193.0347     14.0000      0.0000     -0.1524      0.1320      0.0333
     40.1485    142.3875     41.1267    110.0085    170.0000     20.0015     20.0000      0.0000      0.0000      0.0000    193.0347     14.0000      0.0000     -0.1400      0.1285      0.0321
     40.1850    142.1643     45.9652    110.0085    190.0000     20.0015     20.0000      0.0000      0.0000      0.0000    193.0347     14.0000      0.0000     -0.1249      0.1220      0.0295
     39.6659    144.1113      2.4197    130.0101     10.0000     20.0015     20.0000      0.0000      0.0000      0.0000    193.0347     14.0000      0.0000      0.0210      0.1976     -0.0545
     39.7057    143.8905      7.2577    130.0101     30.0000     20.0015     20.0000      0.0000      0.0000      0.0000    193.0347     14.0000      0.0000     -0.0425      0.2488     -0.0569
     39.7451    143.6695     12.0961    130.0101     50.0000     20.0015     20.0000      0.0000      0.0000      0.0000    193.0347     14.0000      0.0000     -0.1357      0.2488     -0.0271
     39.7840    143.4482     16.9345    130.0101     70.0000     20.0015     20.0000      0.0000      0.0000      0.0000    193.0347     14.0000      0.0000     -0.2084      0.2473      0.0069
     39.8226    143.2267     21.7730    130.0101     90.0000     20.0015     20.0000      0.0000      0.0000      0.0000    193.0347     14.0000      0.0000     -0.2479      0.2493      0.0315
     39.8607    143.0049     26.6114    130.0101    110.0000     20.0015     20.0000      0.0000      0.0000      0.0000    193.0347     14.0000      0.0000     -0.2550      0.2444      0.0461
     39.8984    142.7829     31.4498    130.0101    130.0000     20.0015     20.0000      0.0000      0.0000      0.0000    193.0347     14.0000      0.0000     -0.2417      0.2328      0.0524
     39.9357    142.5606     36.2883    130.0101    150.0000     20.0015     20.0000      0.0000      0.0000      0.0000    193.0347     14.0000      0.0000     -0.2182      0.2173      0.0521
     39.9726    142.3381     41.1267    130.0101    170.0000     20.0015     20.0000      0.0000      0.0000      0.0000    193.0347     14.0000      0.0000     -0.1908      0.1992      0.0482
     40.0091    142.1154     45.9652    130.0101    190.0000     20.0015     20.0000      0.0000      0.0000      0.0000    193.0347     14.0000      0.0000     -0.1633      0.1801      0.0427
     39.4908    144.0579      2.4197    150.0116     10.0000     20.0015     20.0000      0.1384     -0.3803      0.4047    193.0347     14.0000     70.0000      0.3101      0.4199     -0.1301
     39.5305    143.8376      7.2577    150.0116     30.0000     20.0015     20.0000      0.1142     -0.3137      0.3339    193.0347     14.0000     70.0000     -0.0254      0.7268     -0.1800
     39.5698    143.6171     12.0961    150.0116     50.0000     20.0015     20.0000      0.0435     -0.1195      0.1272    193.0347     14.0000     70.0000     -0.3894      0.9379     -0.1687
     39.6086    143.3964     16.9345    150.0116     70.0000     20.0015     20.0000      0.0000      0.0000      0.0000    193.0347     14.0000      0.0000     -0.5361      0.9173     -0.0827
     39.6471    143.1754     21.7730    150.0116     90.0000     20.0015     20.0000      0.0000      0.0000      0.0000    193.0347     14.0000      0.0000     -0.4898      0.6852     -0.0020
     39.6851    142.9541     26.6114    150.0116    110.0000     20.0015     20.0000      0.0000      0.0000      0.0000    193.0347     14.0000      0.0000     -0.4182      0.5230      0.0493
     39.7228    142.7327     31.4498    150.0116    130.0000     20.0015     20.0000      0.0000      0.0000      0.0000    193.0347     14.0000      0.0000     -0.3574      0.4265      0.0718
     39.7600    142.5109     36.2883    150.0116    150.0000     20.0015     20.0000      0.0000      0.0000      0.0000    193.0347     14.0000      0.0000     -0.3033      0.3616      0.0748
     39.7968    142.2890     41.1267    150.0116    170.0000     20.0015     20.0000      0.0000      0.0000      0.0000    193.0347     14.0000      0.0000     -0.2528      0.3092      0.0687
     39.8332    142.0668     45.9652    150.0116    190.0000     20.0015     20.0000      0.0000      0.0000      0.0000    193.0347     14.0000      0.0000     -0.2078      0.2646      0.0595
     39.3157    144.0048      2.4197    170.0132     10.0000     20.0015     20.0000      0.5470     -2.9000      2.9512    193.0347     14.0000     79.3182      0.9913      0.3032     -0.0491
     39.3553    143.7850      7.2577    170.0132     30.0000     20.0015     20.0000      0.5566     -2.7078      2.7645    193.0347     14.0000     78.3841      0.2399      0.6024     -0.1062
     39.3945    143.5650     12.0961    170.0132     50.0000     20.0015     20.0000      0.5080     -2.0007      2.0642    193.0347     14.0000     75.7540     -0.3752      1.0297     -0.3164
     39.4332    143.3448     16.9345    170.0132     70.0000     20.0015     20.0000      0.3171     -1.1083      1.1527    193.0347     14.0000     74.0323     -0.6896      1.4234     -0.2927
     39.4716    143.1243     21.7730    170.0132     90.0000     20.0015     20.0000      0.0837     -0.3421      0.3522    193.0347     14.0000     76.2591     -0.8054      1.5896     -0.1496
     39.5095    142.9036     26.6114    170.0132    110.0000     20.0015     20.0000      0.0000      0.0000      0.0000    193.0347     14.0000      0.0000     -0.6653      1.3039     -0.0124
     39.5471    142.6827     31.4498    170.0132    130.0000     20.0015     20.0000      0.0000      0.0000      0.0000    193.0347     14.0000      0.0000     -0.5133      0.8133      0.0647
     39.5842    142.4615     36.2883    170.0132    150.0000     20.0015     20.0000      0.0000      0.0000      0.0000    193.0347     14.0000      0.0000     -0.4040      0.6019      0.0902
     39.6209    142.2401     41.1267    170.0132    170.0000     20.0015     20.0000      0.0000      0.0000      0.0000    193.0347     14.0000      0.0000     -0.3215      0.4752      0.0888
     39.6572    142.0184     45.9652    170.0132    190.0000     20.0015     20.0000      0.0000      0.0000      0.0000    193.0347     14.0000      0.0000     -0.2548      0.3838      0.0776
     39.1405    143.9519      2.4197    190.0147     10.0000     20.0015     20.0000      1.2073     -8.5111      8.5963    193.0347     14.0000     81.9265      1.7918     -0.2701      0.2205
     39.1800    143.7327      7.2577    190.0147     30.0000     20.0015     20.0000      1.2754     -8.1217      8.2213    193.0347     14.0000     81.0751      0.5905     -0.3191      0.2705
     39.2191    143.5132     12.0961    190.0147     50.0000     20.0015     20.0000      1.3073     -6.6120      6.7400    193.0347     14.0000     78.8161     -0.2090      0.2108     -0.2452
     39.2578    143.2935     16.9345    190.0147     70.0000     20.0015     20.0000      0.8864     -4.4742      4.5612    193.0347     14.0000     78.7946     -0.7570      1.0084     -0.4861
     39.2960    143.0735     21.7730    190.0147     90.0000     20.0015     20.0000      0.2629     -2.2101      2.2257    193.0347     14.0000     83.2161     -1.1729      1.8498     -0.4178
     39.3339    142.8534     26.6114    190.0147    110.0000     20.0015     20.0000     -0.0888     -0.5863      0.5930    193.0347     14.0000     98.6126     -1.1758      2.2005     -0.1957
     39.3713    142.6329     31.4498    190.0147    130.0000     20.0015     20.0000      0.0000      0.0000      0.0000    193.0347     14.0000      0.0000     -0.6681      1.7226     -0.0132
     39.4084    142.4123     36.2883    190.0147    150.0000     20.0015     20.0000      0.0000      0.0000      0.0000    193.0347     14.0000      0.0000     -0.5104      1.0190      0.0732
     39.4450    142.1914     41.1267    190.0147    170.0000     20.0015     20.0000      0.0000      0.0000      0.0000    193.0347     14.0000      0.0000     -0.3889      0.7246      0.0958
     39.4812    141.9703     45.9652    190.0147    190.0000     20.0015     20.0000      0.0000      0.0000      0.0000    193.0347     14.0000      0.0000     -0.2984      0.5474      0.0908
     38.9654    143.8993      2.4197    210.0163     10.0000     20.0015     20.0000      2.1351    -17.2279     17.3597    193.0347     14.0000     82.9352      2.4008     -1.3310      0.7137
     39.0048    143.6806      7.2577    210.0163     30.0000     20.0015     20.0000      2.1848    -16.5653     16.7088    193.0347     14.0000     82.4866      0.7966     -2.0450      0.9602
     39.0437    143.4616     12.0961    210.0163     50.0000     20.0015     20.0000      2.2169    -13.9310     14.1062    193.0347     14.0000     80.9581     -0.0794     -1.4711      0.0916
     39.0823    143.2424     16.9345    210.0163     70.0000     20.0015     20.0000      1.5497    -10.0950     10.2133    193.0347     14.0000     81.2725     -0.8501     -0.2595     -0.6253
     39.1205    143.0230     21.7730    210.0163     90.0000     20.0015     20.0000      0.6273     -5.7449      5.7791    193.0347     14.0000     83.7689     -1.4518      1.4971     -0.7762
     39.1582    142.8033     26.6114    210.0163    110.0000     20.0015     20.0000     -0.0345     -2.3157      2.3159    193.0347     14.0000     90.8535     -1.6099      2.6335     -0.5130
     39.1956    142.5834     31.4498    210.0163    130.0000     20.0015     20.0000     -0.1902     -0.5227      0.5562    193.0347     14.0000    110.0000     -1.2518      2.6128     -0.2005
     39.2326    142.3633     36.2883    210.0163    150.0000     20.0015     20.0000     -0.0220     -0.0605      0.0644    193.0347     14.0000    110.0000     -0.6271      1.7680     -0.0089
     39.2691    142.1429     41.1267    210.0163    170.0000     20.0015     20.0000     -0.0047     -0.0128      0.0137    193.0347     14.0000    110.0000     -0.4443      1.1150      0.0696
     39.3052    141.9223     45.9652    210.0163    190.0000     20.0015     20.0000      0.0000      0.0000      0.0000    193.0347     14.0000      0.0000     -0.3276      0.7826      0.0882
     38.7902    143.8470      2.4197    230.0178     10.0000     20.0015     20.0000      3.5509    -27.9863     28.2106    193.0347     14.0000     82.7690      2.6248     -2.7766      1.4141
     38.8295    143.6288      7.2577    230.0178     30.0000     20.0015     20.0000      3.3571    -27.1003     27.3075    193.0347     14.0000     82.9384      0.7320     -4.5242      1.8630
     38.8683    143.4103     12.0961    230.0178     50.0000     20.0015     20.0000      2.8053    -22.9598     23.1305    193.0347     14.0000     83.0340     -0.8429     -3.7603      0.2970
     38.9068    143.1916     16.9345    230.0178     70.0000     20.0015     20.0000      2.2162    -16.8148     16.9602    193.0347     14.0000     82.4917     -1.2625     -1.5821     -0.8965
     38.9449    142.9727     21.7730    230.0178     90.0000     20.0015     20.0000      1.4017    -10.2822     10.3773    193.0347     14.0000     82.2370     -1.4296      0.9818     -1.1795
     38.9826    142.7535     26.6114    230.0178    110.0000     20.0015     20.0000      0.5096     -5.0770      5.1026    193.0347     14.0000     84.2684     -1.6084      2.6404     -0.9036
     39.0198    142.5342     31.4498    230.0178    130.0000     20.0015     20.0000     -0.0896     -1.9018      1.9039    193.0347     14.0000     92.6982     -1.5832      3.0565     -0.4873
     39.0567    142.3145     36.2883    230.0178    150.0000     20.0015     20.0000     -0.2021     -0.5553      0.5910    193.0347     14.0000    110.0000     -1.1431      2.4259     -0.1739
     39.0932    142.0947     41.1267    230.0178    170.0000     20.0015     20.0000     -0.0651     -0.1790      0.1905    193.0347     14.0000    110.0000     -0.5717      1.5714     -0.0073
     39.1292    141.8746     45.9652    230.0178    190.0000     20.0015     20.0000     -0.0237     -0.0652      0.0694    193.0347     14.0000    110.0000     -0.3656      1.0429      0.0580
     38.6149    143.7949      2.4197    250.0194     10.0000     20.0015     20.0000      5.7004    -38.5662     38.9852    193.0347     14.0000     81.5921      2.5412     -4.1892      2.0852
     38.6541    143.5772      7.2577    250.0194     30.0000     20.0015     20.0000      5.4481    -37.6216     38.0140    193.0347     14.0000     81.7601      1.1273     -7.1820      2.7040
     38.6929    143.3592     12.0961    250.0194     50.0000     20.0015     20.0000      4.5162    -31.9774     32.2947    193.0347     14.0000     81.9612     -0.6063     -6.1881      0.0806
     38.7313    143.1410     16.9345    250.0194     70.0000     20.0015     20.0000      3.8897    -23.2366     23.5599    193.0347     14.0000     80.4971     -0.6526     -2.2122     -1.2691
     38.7693    142.9226     21.7730    250.0194     90.0000     20.0015     20.0000      2.8983    -15.1456     15.4204    193.0347     14.0000     79.1665     -0.7528      0.4459     -1.4884
     38.8069    142.7040     26.6114    250.0194    110.0000     20.0015     20.0000      1.6964     -8.5861      8.7520    193.0347     14.0000     78.8236     -1.0487      2.2161     -1.2400
     38.8441    142.4851     31.4498    250.0194    130.0000     20.0015     20.0000      0.6326     -4.0933      4.1419    193.0347     14.0000     81.2151     -1.2897      2.9676     -0.7964
     38.8808    142.2660     36.2883    250.0194    150.0000     20.0015     20.0000     -0.0232     -1.5957      1.5958    193.0347     14.0000     90.8326     -1.2673      2.7879     -0.3932
     38.9172    142.0467     41.1267    250.0194    170.0000     20.0015     20.0000     -0.1873     -0.5146      0.5476    193.0347     14.0000    110.0000     -0.8859      2.1411     -0.1324
     38.9532    141.8272     45.9652    250.0194    190.0000     20.0015     20.0000     -0.1079     -0.2964      0.3154    193.0347     14.0000    110.0000     -0.4905      1.1853     -0.0034
     38.4397    143.7430      2.4197    270.0209     10.0000     20.0015     20.0000      8.1356    -46.4416     47.1488    193.0347     14.0000     80.0638      2.1973     -4.9885      2.3616
     38.4788    143.5258      7.2577    270.0209     30.0000     20.0015     20.0000      8.2758    -45.2961     46.0459    193.0347     14.0000     79.6460      2.1799     -8.5248      3.1552
     38.5175    143.3084     12.0961    270.0209     50.0000     20.0015     20.0000      8.2090    -38.9318     39.7878    193.0347     14.0000     78.0933      2.6129     -7.5033      0.4283
     38.5558    143.0907     16.9345    270.0209     70.0000     20.0015     20.0000      6.5403    -29.2359     29.9586    193.0347     14.0000     77.3902      1.3293     -3.3910     -1.0998
     38.5937    142.8728     21.7730    270.0209     90.0000     20.0015     20.0000      4.8081    -20.1151     20.6817    193.0347     14.0000     76.5569      0.3917     -0.5649     -1.4822
     38.6312    142.6547     26.6114    270.0209    110.0000     20.0015     20.0000      3.2792    -12.5095     12.9322    193.0347     14.0000     75.3112     -0.0656      1.3303     -1.3811
     38.6683    142.4363     31.4498    270.0209    130.0000     20.0015     20.0000      1.8175     -6.8383      7.0757    193.0347     14.0000     75.1157     -0.4892      2.3949     -1.0157
     38.7050    142.2177     36.2883    270.0209    150.0000     20.0015     20.0000      0.5977     -3.1124      3.1693    193.0347     14.0000     79.1302     -0.8679      2.7530     -0.5981
     38.7412    141.9989     41.1267    270.0209    170.0000     20.0015     20.0000     -0.0945     -1.1077      1.1117    193.0347     14.0000     94.8770     -0.9604      2.5582     -0.2741
     38.7771    141.7799     45.9652    270.0209    190.0000     20.0015     20.0000     -0.2077     -0.6720      0.7033    193.0347     14.0000    107.1784     -0.7271      1.2390     -0.0854
     38.2644    143.6914      2.4192    290.0225     10.0000     20.0015     20.0000      9.9058    -50.5240     51.4859    193.0347     14.0000     78.9072      1.3792     -5.0557      2.2245
     38.3034    143.4747      7.2577    290.0225     30.0000     20.0015     20.0000      9.8632    -49.2809     50.2582    193.0347     14.0000     78.6823      2.0210     -8.6399      3.2307
     38.3420    143.2578     12.0961    290.0225     50.0000     20.0015     20.0000      9.2299    -43.2381     44.2123    193.0347     14.0000     77.9501      2.2189     -8.0506      1.2126
     38.3802    143.0406     16.9345    290.0225     70.0000     20.0015     20.0000      7.7478    -34.0231     34.8942    193.0347     14.0000     77.1713      1.7058     -4.9105     -0.4655
     38.4181    142.8232     21.7730    290.0225     90.0000     20.0015     20.0000      6.2450    -24.5361     25.3184    193.0347     14.0000     75.7202      1.4022     -1.9825     -1.1398
     38.4555    142.6056     26.6114    290.0225    110.0000     20.0015     20.0000      4.6842    -16.2764     16.9370    193.0347     14.0000     73.9448      1.0999      0.0622     -1.2618
     38.4925    142.3877     31.4498    290.0225    130.0000     20.0015     20.0000      2.9277     -9.6993     10.1315    193.0347     14.0000     73.2035      0.4610      1.3902     -1.0683
     38.5291    142.1697     36.2883    290.0225    150.0000     20.0015     20.0000      1.2839     -4.8304      4.9981    193.0347     14.0000     75.1153     -0.3045      2.3423     -0.7236
     38.5653    141.9514     41.1267    290.0225    170.0000     20.0015     20.0000      0.2233     -1.8713      1.8845    193.0347     14.0000     83.1952     -0.7418      2.7202     -0.3898
     38.6011    141.7329     45.9652    290.0225    190.0000     20.0015     20.0000     -0.0039     -1.1936      1.1936    193.0347     14.0000     90.1878     -0.5256      1.0687     -0.1636
     38.0891    143.6401      2.4197    310.0240     10.0000     20.0015     20.0000     10.8549    -50.8779     52.0230    193.0347     14.0000     77.9564      0.3596     -4.6771      1.9104
     38.1280    143.4239      7.2577    310.0240     30.0000     20.0015     20.0000     10.5779    -49.9084     51.0171    193.0347     14.0000     78.0335      1.4218     -8.3270      3.0786
     38.1666    143.2074     12.0961    310.0240     50.0000     20.0015     20.0000      9.3671    -44.9177     45.8840    193.0347     14.0000     78.2204      1.4873     -8.6601      1.4730
     38.2047    142.9908     16.9345    310.0240     70.0000     20.0015     20.0000      7.8856    -36.4591     37.3021    193.0347     14.0000     77.7957      1.4111     -6.0029     -0.0166
     38.2424    142.7739     21.7730    310.0240     90.0000     20.0015     20.0000      6.5770    -27.2906     28.0719    193.0347     14.0000     76.4502      1.7361     -3.2447     -0.6981
     38.2797    142.5567     26.6114    310.0240    110.0000     20.0015     20.0000      5.0138    -18.9307     19.5834    193.0347     14.0000     75.1658      1.5664     -1.1868     -0.9863
     38.3166    142.3394     31.4498    310.0240    130.0000     20.0015     20.0000      3.2196    -11.9288     12.3557    193.0347     14.0000     74.8959      0.8458      0.2317     -0.9890
     38.3531    142.1218     36.2883    310.0240    150.0000     20.0015     20.0000      1.6033     -6.2200      6.4233    193.0347     14.0000     75.5457      0.0475      1.7793     -0.7591
     38.3893    141.9041     41.1267    310.0240    170.0000     20.0015     20.0000      0.5884     -2.5006      2.5689    193.0347     14.0000     76.7594     -0.3574      2.7325     -0.4538
     38.4250    141.6861     45.9652    310.0240    190.0000     20.0015     20.0000      0.3709     -1.6179      1.6599    193.0347     14.0000     77.0901     -0.0630      0.8763     -0.2167
     37.9138    143.5890      2.4197    330.0256     10.0000     20.0015     20.0000     11.1970    -47.6588     48.9565    193.0347     14.0000     76.7787     -0.5503     -3.9896      1.4986
     37.9526    143.3733      7.2577    330.0256     30.0000     20.0015     20.0000     10.9691    -46.9549     48.2191    193.0347     14.0000     76.8510      1.0581     -7.4398      2.6826
     37.9911    143.1573     12.0961    330.0256     50.0000     20.0015     20.0000      9.8603    -42.9766     44.0932    193.0347     14.0000     77.0780      1.9811     -8.3030      1.4416
     38.0291    142.9412     16.9345    330.0256     70.0000     20.0015     20.0000      7.9717    -35.5810     36.4631    193.0347     14.0000     77.3719      1.8262     -6.0969      0.1946
     38.0667    142.7248     21.7730    330.0256     90.0000     20.0015     20.0000      5.7868    -27.2991     27.9057    193.0347     14.0000     78.0317      1.0924     -3.7005     -0.4328
     38.1040    142.5081     26.6114    330.0256    110.0000     20.0015     20.0000      3.9066    -19.4065     19.7958    193.0347     14.0000     78.6183      0.5091     -1.7202     -0.8029
     38.1408    142.2913     31.4498    330.0256    130.0000     20.0015     20.0000      2.4712    -12.5462     12.7873    193.0347     14.0000     78.8573      0.1752     -0.2968     -0.9116
     38.1772    142.0742     36.2883    330.0256    150.0000     20.0015     20.0000      1.4528     -6.6413      6.7984    193.0347     14.0000     77.6608      0.0308      1.5469     -0.7489
     38.2132    141.8569     41.1267    330.0256    170.0000     20.0015     20.0000      0.8132     -2.6944      2.8145    193.0347     14.0000     73.2066     -0.0072      2.7434     -0.4706
     38.2489    141.6394     45.9652    330.0256    190.0000     20.0015     20.0000      0.6402     -1.7590      1.8719    193.0347     14.0000     70.0000      0.3152      0.8064     -0.2388
     37.7385    143.5382      2.4192    350.0271     10.0000     20.0015     20.0000     10.8558    -41.4344     42.8329    193.0347     14.0000     75.3185     -1.2383     -3.0767      0.9952
     37.7772    143.3229      7.2577    350.0271     30.0000     20.0015     20.0000     10.6882    -40.7625     42.1404    193.0347     14.0000     75.3074      0.6842     -5.9333      2.0120
     37.8155    143.1075     12.0961    350.0271     50.0000     20.0015     20.0000      9.6387    -37.2685     38.4948    193.0347     14.0000     75.4995      2.0272     -6.3497      1.2535
     37.8535    142.8918     16.9345    350.0271     70.0000     20.0015     20.0000      7.5114    -31.2841     32.1732    193.0347     14.0000     76.4987      1.7747     -4.8389      0.2290
     37.8910    142.6759     21.7730    350.0271     90.0000     20.0015     20.0000      4.9571    -24.3570     24.8563    193.0347     14.0000     78.4963      0.6649     -2.9733     -0.4254
     37.9282    142.4597     26.6114    350.0271    110.0000     20.0015     20.0000      2.9833    -17.5155     17.7677    193.0347     14.0000     80.3339     -0.1141     -1.2802     -0.8023
     37.9649    142.2434     31.4498    350.0271    130.0000     20.0015     20.0000      1.8728    -11.3113     11.4653    193.0347     14.0000     80.5989     -0.1959      0.1895     -0.8927
     38.0013    142.0268     36.2883    350.0271    150.0000     20.0015     20.0000      1.2828     -6.0036      6.1391    193.0347     14.0000     77.9386      0.0413      1.7908     -0.7244
     38.0372    141.8100     41.1267    350.0271    170.0000     20.0015     20.0000      0.8368     -2.4662      2.6043    193.0347     14.0000     71.2584      0.1141      2.7452     -0.4580
     38.0728    141.5931     45.9652    350.0271    190.0000     20.0015     20.0000      0.6049     -1.6619      1.7685    193.0347     14.0000     70.0000      0.2609      0.8113     -0.2402
     37.5631    143.4875      2.4197    370.0287     10.0000     20.0015     20.0000      9.7244    -33.4820     34.8655    193.0347     14.0000     73.8048     -1.6740     -2.0711      0.4660
     37.6018    143.2728      7.2577    370.0287     30.0000     20.0015     20.0000      9.5389    -32.8545     34.2112    193.0347     14.0000     73.8101      0.1859     -4.2683      1.3027
     37.6400    143.0578     12.0961    370.0287     50.0000     20.0015     20.0000      8.5126    -29.9381     31.1248    193.0347     14.0000     74.1274      1.4466     -4.3429      0.9335
     37.6779    142.8426     16.9345    370.0287     70.0000     20.0015     20.0000      6.6937    -25.3200     26.1899    193.0347     14.0000     75.1918      1.4637     -3.2736      0.1375
     37.7153    142.6272     21.7730    370.0287     90.0000     20.0015     20.0000      4.6543    -19.9118     20.4486    193.0347     14.0000     76.8436      0.8958     -1.8792     -0.4637
     37.7524    142.4116     26.6114    370.0287    110.0000     20.0015     20.0000      3.0816    -14.4616     14.7862    193.0347     14.0000     77.9710      0.4634     -0.5362     -0.7863
     37.7890    142.1957     31.4498    370.0287    130.0000     20.0015     20.0000      2.1171     -9.4010      9.6364    193.0347     14.0000     77.3088      0.3763      0.7245     -0.8314
     37.8253    141.9796     36.2883    370.0287    150.0000     20.0015     20.0000      1.4302     -5.0899      5.2870    193.0347     14.0000     74.3057      0.3328      1.9160     -0.6619
     37.8612    141.7634     41.1267    370.0287    170.0000     20.0015     20.0000      0.7975     -2.1911      2.3318    193.0347     14.0000     70.0000      0.0809      2.5528     -0.4231
     37.8966    141.5469     45.9652    370.0287    190.0000     20.0015     20.0000      0.5500     -1.5110      1.6080    193.0347     14.0000     70.0000      0.2110      0.8110     -0.2318
     37.3877    143.4372      2.4192    390.0302     10.0000     20.0015     20.0000      7.9992    -25.2516     26.4883    193.0347     14.0000     72.4228     -1.8458     -1.1351      0.0249
     37.4263    143.2229      7.2577    390.0302     30.0000     20.0015     20.0000      7.8166    -24.7660     25.9702    193.0347     14.0000     72.4834     -0.2741     -2.7415      0.6928
     37.4644    143.0084     12.0961    390.0302     50.0000     20.0015     20.0000      6.9787    -22.6095     23.6620    193.0347     14.0000     72.8464      0.8183     -2.7116      0.6033
     37.5022    142.7937     16.9345    390.0302     70.0000     20.0015     20.0000      5.7251    -19.2876     20.1194    193.0347     14.0000     73.4678      1.1224     -1.9418      0.0845
     37.5396    142.5788     21.7730    390.0302     90.0000     20.0015     20.0000      4.4702    -15.4189     16.0538    193.0347     14.0000     73.8323      1.1591     -0.9593     -0.3340
     37.5766    142.3636     26.6114    390.0302    110.0000     20.0015     20.0000      3.4895    -11.5718     12.0865    193.0347     14.0000     73.2190      1.2131     -0.1221     -0.5696
     37.6131    142.1482     31.4498    390.0302    130.0000     20.0015     20.0000      2.6465     -7.9871      8.4141    193.0347     14.0000     71.6677      1.1312      0.5577     -0.6267
     37.6493    141.9327     36.2883    390.0302    150.0000     20.0015     20.0000      1.7122     -4.7041      5.0060    193.0347     14.0000     70.0000      0.6820      1.3829     -0.5271
     37.6851    141.7169     41.1267    390.0302    170.0000     20.0015     20.0000      0.8171     -2.2448      2.3889    193.0347     14.0000     70.0000      0.0719      2.0358     -0.3611
     37.7205    141.5009     45.9652    390.0302    190.0000     20.0015     20.0000      0.5762     -1.5832      1.6848    193.0347     14.0000     70.0000      0.2599      0.5600     -0.2174
     37.2123    143.3870      2.4197    410.0318     10.0000     20.0015     20.0000      6.0441    -17.8069     18.8047    193.0347     14.0000     71.2515     -1.7842     -0.3889     -0.2780
     37.2508    143.1732      7.2577    410.0318     30.0000     20.0015     20.0000      5.9138    -17.5157     18.4871    193.0347     14.0000     71.3439     -0.5963     -1.4730      0.2309
     37.2889    142.9592     12.0961    410.0318     50.0000     20.0015     20.0000      5.3772    -16.2042     17.0731    193.0347     14.0000     71.6422      0.3237     -1.5044      0.3734
     37.3265    142.7450     16.9345    410.0318     70.0000     20.0015     20.0000      4.6602    -14.1397     14.8879    193.0347     14.0000     71.7588      0.7683     -1.0760      0.1321
     37.3638    142.5305     21.7730    410.0318     90.0000     20.0015     20.0000      4.0057    -11.7129     12.3789    193.0347     14.0000     71.1200      1.1053     -0.4833     -0.0670
     37.4007    142.3159     26.6114    410.0318    110.0000     20.0015     20.0000      3.4323     -9.4303     10.0355    193.0347     14.0000     70.0000      1.3718     -0.2143     -0.2097
     37.4372    142.1010     31.4498    410.0318    130.0000     20.0015     20.0000      2.6899     -7.3903      7.8646    193.0347     14.0000     70.0000      1.2615     -0.3747     -0.3154
     37.4733    141.8859     36.2883    410.0318    150.0000     20.0015     20.0000      1.7941     -4.9292      5.2456    193.0347     14.0000     70.0000      0.9167      0.3009     -0.3309
     37.5090    141.6706     41.1267    410.0318    170.0000     20.0015     20.0000      0.9413     -2.5863      2.7522    193.0347     14.0000     70.0000      0.4279      1.3809     -0.2707
     37.5443    141.4551     45.9652    410.0318    190.0000     20.0015     20.0000      0.6821     -1.8741      1.9944    193.0347     14.0000     70.0000      0.5516      0.0963     -0.1940
     37.0369    143.3371      2.4197    430.0333     10.0000     20.0015     20.0000      4.1665    -11.6844     12.4050    193.0347     14.0000     70.3743     -1.5801      0.1371     -0.4441
     37.0753    143.1238      7.2577    430.0333     30.0000     20.0015     20.0000      4.1133    -11.5833     12.2920    193.0347     14.0000     70.4499     -0.7878     -0.5100     -0.0751
     37.1133    142.9103     12.0961    430.0333     50.0000     20.0015     20.0000      3.8921    -11.0704     11.7347    193.0347     14.0000     70.6293     -0.0258     -0.6931      0.2574
     37.1509    142.6965     16.9345    430.0333     70.0000     20.0015     20.0000      3.5809    -10.1554     10.7683    193.0347     14.0000     70.5768      0.4481     -0.6917      0.2217
     37.1881    142.4825     21.7730    430.0333     90.0000     20.0015     20.0000      3.2371     -8.9295      9.4981    193.0347     14.0000     70.0734      0.7888     -0.4911      0.1640
     37.2249    142.2684     26.6114    430.0333    110.0000     20.0015     20.0000      2.8155     -7.7354      8.2319    193.0347     14.0000     70.0000      1.0115     -0.4478      0.0951
     37.2613    142.0540     31.4498    430.0333    130.0000     20.0015     20.0000      2.2675     -6.7890      7.1576    193.0347     14.0000     71.5306      1.1840     -1.0572     -0.0314
     37.2973    141.8394     36.2883    430.0333    150.0000     20.0015     20.0000      1.3316     -5.0983      5.2693    193.0347     14.0000     75.3624      0.7002     -0.6395     -0.1384
     37.3329    141.6246     41.1267    430.0333    170.0000     20.0015     20.0000      0.5539     -3.0111      3.0616    193.0347     14.0000     79.5768      0.2178      0.6179     -0.1788
     37.3681    141.4096     45.9652    430.0333    190.0000     20.0015     20.0000      0.3632     -2.2943      2.3228    193.0347     14.0000     81.0051      0.3034     -0.5488     -0.1703
     36.8615    143.2874      2.4197    450.0349     10.0000     20.0015     20.0000      2.5517     -7.0108      7.4607    193.0347     14.0000     70.0000     -1.3345      0.4465     -0.4924
     36.8998    143.0746      7.2577    450.0349     30.0000     20.0015     20.0000      2.5654     -7.0485      7.5009    193.0347     14.0000     70.0000     -0.9031      0.1413     -0.2494
     36.9377    142.8615     12.0961    450.0349     50.0000     20.0015     20.0000      2.5928     -7.1237      7.5808    193.0347     14.0000     70.0000     -0.2871     -0.1655      0.1974
     36.9752    142.6482     16.9345    450.0349     70.0000     20.0015     20.0000      2.5690     -7.0584      7.5114    193.0347     14.0000     70.0000      0.1940     -0.5171      0.2734
     37.0123    142.4347     21.7730    450.0349     90.0000     20.0015     20.0000      2.4254     -6.6637      7.0913    193.0347     14.0000     70.0000      0.5405     -0.6405      0.2503
     37.0490    142.2210     26.6114    450.0349    110.0000     20.0015     20.0000      1.9886     -6.0023      6.3231    193.0347     14.0000     71.6694      0.5582     -0.4985      0.2101
     37.0853    142.0071     31.4498    450.0349    130.0000     20.0015     20.0000      1.1651     -5.4992      5.6213    193.0347     14.0000     78.0380      0.1479     -0.8956      0.1046
     37.1213    141.7930     36.2883    450.0349    150.0000     20.0015     20.0000      0.3781     -4.5188      4.5346    193.0347     14.0000     85.2164     -0.1639     -0.7667     -0.0258
     37.1568    141.5787     41.1267    450.0349    170.0000     20.0015     20.0000     -0.1106     -3.1259      3.1278    193.0347     14.0000     92.0263     -0.3270      0.0349     -0.1208
     37.1920    141.3642     45.9652    450.0349    190.0000     20.0015     20.0000     -0.2046     -2.6069      2.6150    193.0347     14.0000     94.4867     -0.2977     -1.1380     -0.1580
     36.6860    143.2380      2.4192    470.0364     10.0000     20.0015     20.0000      1.3378     -3.6757      3.9115    193.0347     14.0000     70.0000     -1.0560      0.5726     -0.4517
     36.7242    143.0256      7.2577    470.0364     30.0000     20.0015     20.0000      1.3755     -3.7792      4.0217    193.0347     14.0000     70.0000     -0.9218      0.5121     -0.3267
     36.7620    142.8130     12.0961    470.0364     50.0000     20.0015     20.0000      1.5031     -4.1299      4.3949    193.0347     14.0000     70.0000     -0.5087      0.1960      0.1114
     36.7994    142.6002     16.9345    470.0364     70.0000     20.0015     20.0000      1.6210     -4.4537      4.7396    193.0347     14.0000     70.0000     -0.0897     -0.2353      0.2320
     36.8365    142.3872     21.7730    470.0364     90.0000     20.0015     20.0000      1.6214     -4.4547      4.7406    193.0347     14.0000     70.0000      0.2616     -0.4381      0.2129
     36.8731    142.1740     26.6114    470.0364    110.0000     20.0015     20.0000      1.3622     -4.0721      4.2939    193.0347     14.0000     71.5045      0.4035     -0.2385      0.1785
     36.9093    141.9605     31.4498    470.0364    130.0000     20.0015     20.0000      0.6131     -3.7320      3.7821    193.0347     14.0000     80.6700     -0.0475     -0.2603      0.1120
     36.9452    141.7469     36.2883    470.0364    150.0000     20.0015     20.0000     -0.0437     -3.3703      3.3706    193.0347     14.0000     90.7421     -0.3787     -0.3654      0.0068
     36.9807    141.5331     41.1267    470.0364    170.0000     20.0015     20.0000     -0.3443     -2.8701      2.8907    193.0347     14.0000     96.8413     -0.4513     -0.3174     -0.0986
     37.0157    141.3190     45.9652    470.0364    190.0000     20.0015     20.0000     -0.3781     -2.6619      2.6887    193.0347     14.0000     98.0849     -0.4488     -1.4974     -0.1539
     36.5105    143.1888      2.4197    490.0380     10.0000     20.0015     20.0000      0.5517     -1.5158      1.6130    193.0347     14.0000     70.0000     -0.7560      0.5542     -0.3565
     36.5486    142.9768      7.2577    490.0380     30.0000     20.0015     20.0000      0.5870     -1.6129      1.7164    193.0347     14.0000     70.0000     -0.8170      0.6467     -0.3326
     36.5864    142.7647     12.0961    490.0380     50.0000     20.0015     20.0000      0.7108     -1.9528      2.0782    193.0347     14.0000     70.0000     -0.6018      0.4496     -0.0120
     36.6237    142.5524     16.9345    490.0380     70.0000     20.0015     20.0000      0.8354     -2.2951      2.4424    193.0347     14.0000     70.0000     -0.3193      0.1543      0.1104
     36.6606    142.3398     21.7730    490.0380     90.0000     20.0015     20.0000      0.8767     -2.4086      2.5632    193.0347     14.0000     70.0000     -0.0665      0.0212      0.1225
     36.6972    142.1271     26.6114    490.0380    110.0000     20.0015     20.0000      0.8195     -2.2515      2.3960    193.0347     14.0000     70.0000      0.1837      0.1649      0.1176
     36.7334    141.9141     31.4498    490.0380    130.0000     20.0015     20.0000      0.4753     -2.1573      2.2091    193.0347     14.0000     77.5749      0.1029      0.1860      0.0917
     36.7691    141.7010     36.2883    490.0380    150.0000     20.0015     20.0000      0.1344     -2.2665      2.2704    193.0347     14.0000     86.6072     -0.0221     -0.0870      0.0199
     36.8045    141.4876     41.1267    490.0380    170.0000     20.0015     20.0000      0.0218     -2.4103      2.4104    193.0347     14.0000     89.4828      0.0048     -0.5142     -0.0782
     36.8395    141.2740     45.9652    490.0380    190.0000     20.0015     20.0000      0.0401     -2.4362      2.4365    193.0347     14.0000     89.0580      0.1000     -1.5744     -0.1387
     36.3350    143.1397      2.4192    510.0395     10.0000     20.0015     20.0000      0.1339     -0.3679      0.3915    193.0347     14.0000     70.0000     -0.4685      0.4318     -0.2335
     36.3731    142.9283      7.2577    510.0395     30.0000     20.0015     20.0000      0.1522     -0.4182      0.4450    193.0347     14.0000     70.0000     -0.6287      0.5860     -0.2783
     36.4107    142.7166     12.0961    510.0395     50.0000     20.0015     20.0000      0.2199     -0.6042      0.6430    193.0347     14.0000     70.0000     -0.5827      0.5422     -0.1168
     36.4479    142.5047     16.9345    510.0395     70.0000     20.0015     20.0000      0.2918     -0.8017      0.8531    193.0347     14.0000     70.0000     -0.4459      0.4296     -0.0244
     36.4848    142.2927     21.7730    510.0395     90.0000     20.0015     20.0000      0.3270     -0.8985      0.9561    193.0347     14.0000     70.0000     -0.2926      0.3899      0.0247
     36.5213    142.0804     26.6114    510.0395    110.0000     20.0015     20.0000      0.3340     -0.9176      0.9765    193.0347     14.0000     70.0000     -0.1321      0.4273      0.0681
     36.5574    141.8679     31.4498    510.0395    130.0000     20.0015     20.0000      0.3561     -1.0348      1.0944    193.0347     14.0000     71.0105      0.1074      0.3878      0.0865
     36.5931    141.6552     36.2883    510.0395    150.0000     20.0015     20.0000      0.3667     -1.4037      1.4508    193.0347     14.0000     75.3607      0.2714      0.0331      0.0462
     36.6284    141.4423     41.1267    510.0395    170.0000     20.0015     20.0000      0.4578     -1.8302      1.8866    193.0347     14.0000     75.9568      0.4715     -0.5245     -0.0391
     36.6633    141.2293     45.9652    510.0395    190.0000     20.0015     20.0000      0.5236     -1.9554      2.0243    193.0347     14.0000     75.0101      0.6939     -1.3617     -0.1014
     36.1595    143.0910      2.4197    530.0410     10.0000     20.0015     20.0000      0.0000      0.0000      0.0000    193.0347     14.0000      0.0000     -0.2190      0.2515     -0.1099
     36.1974    142.8800      7.2577    530.0410     30.0000     20.0015     20.0000      0.0000      0.0000      0.0000    193.0347     14.0000      0.0000     -0.3854      0.3846     -0.1827
     36.2350    142.6688     12.0961    530.0410     50.0000     20.0015     20.0000      0.0127     -0.0350      0.0373    193.0347     14.0000     70.0000     -0.4472      0.4390     -0.1555
     36.2722    142.4573     16.9345    530.0410     70.0000     20.0015     20.0000      0.0336     -0.0922      0.0981    193.0347     14.0000     70.0000     -0.4167      0.4385     -0.1086
     36.3089    142.2457     21.7730    530.0410     90.0000     20.0015     20.0000      0.0483     -0.1327      0.1412    193.0347     14.0000     70.0000     -0.3422      0.4516     -0.0514
     36.3453    142.0339     26.6114    530.0410    110.0000     20.0015     20.0000      0.0686     -0.1885      0.2006    193.0347     14.0000     70.0000     -0.2448      0.4742      0.0198
     36.3813    141.8219     31.4498    530.0410    130.0000     20.0015     20.0000      0.1351     -0.3713      0.3951    193.0347     14.0000     70.0000     -0.1007      0.4032      0.0718
     36.4170    141.6097     36.2883    530.0410    150.0000     20.0015     20.0000      0.2750     -0.7556      0.8041    193.0347     14.0000     70.0000      0.1203      0.1042      0.0629
     36.4522    141.3973     41.1267    530.0410    170.0000     20.0015     20.0000      0.4302     -1.1821      1.2579    193.0347     14.0000     70.0000      0.3445     -0.3625      0.0001
     36.4870    141.1847     45.9652    530.0410    190.0000     20.0015     20.0000      0.4792     -1.3167      1.4012    193.0347     14.0000     70.0000      0.5383     -0.9443     -0.0559
     35.9840    143.0424      2.4197    550.0426     10.0000     20.0015     20.0000      0.0000      0.0000      0.0000    193.0347     14.0000      0.0000     -0.0722      0.1141     -0.0362
     36.0218    142.8318      7.2577    550.0426     30.0000     20.0015     20.0000      0.0000      0.0000      0.0000    193.0347     14.0000      0.0000     -0.1689      0.1557     -0.0793
     36.0593    142.6211     12.0961    550.0426     50.0000     20.0015     20.0000      0.0000      0.0000      0.0000    193.0347     14.0000      0.0000     -0.2351      0.1765     -0.1095
     36.0964    142.4101     16.9345    550.0426     70.0000     20.0015     20.0000      0.0000      0.0000      0.0000    193.0347     14.0000      0.0000     -0.2478      0.1912     -0.1083
     36.1331    142.1990     21.7730    550.0426     90.0000     20.0015     20.0000      0.0000      0.0000      0.0000    193.0347     14.0000      0.0000     -0.2211      0.2085     -0.0776
     36.1694    141.9876     26.6114    550.0426    110.0000     20.0015     20.0000      0.0000      0.0000      0.0000    193.0347     14.0000      0.0000     -0.1863      0.2640     -0.0203
     36.2053    141.7761     31.4498    550.0426    130.0000     20.0015     20.0000      0.0181     -0.0497      0.0529    193.0347     14.0000     70.0000     -0.1518      0.3328      0.0355
     36.2408    141.5643     36.2883    550.0426    150.0000     20.0015     20.0000      0.0929     -0.2551      0.2715    193.0347     14.0000     70.0000     -0.0627      0.2132      0.0493
     36.2760    141.3524     41.1267    550.0426    170.0000     20.0015     20.0000      0.1844     -0.5066      0.5391    193.0347     14.0000     70.0000      0.0566     -0.0360      0.0166
     36.3108    141.1403     45.9652    550.0426    190.0000     20.0015     20.0000      0.2137     -0.5872      0.6249    193.0347     14.0000     70.0000      0.1907     -0.3226     -0.0215
     35.8084    142.9940      2.4192    570.0441     10.0000     20.0015     20.0000      0.0000      0.0000      0.0000    193.0347     14.0000      0.0000     -0.0386      0.0699     -0.0206
     35.8462    142.7839      7.2577    570.0441     30.0000     20.0015     20.0000      0.0000      0.0000      0.0000    193.0347     14.0000      0.0000     -0.0842      0.0886     -0.0378
     35.8836    142.5736     12.0961    570.0441     50.0000     20.0015     20.0000      0.0000      0.0000      0.0000    193.0347     14.0000      0.0000     -0.1253      0.0955     -0.0572
     35.9205    142.3632     16.9345    570.0441     70.0000     20.0015     20.0000      0.0000      0.0000      0.0000    193.0347     14.0000      0.0000     -0.1433      0.0927     -0.0684
     35.9572    142.1525     21.7730    570.0441     90.0000     20.0015     20.0000      0.0000      0.0000      0.0000    193.0347     14.0000      0.0000     -0.1350      0.0882     -0.0627
     35.9934    141.9416     26.6114    570.0441    110.0000     20.0015     20.0000      0.0000      0.0000      0.0000    193.0347     14.0000      0.0000     -0.1105      0.0955     -0.0358
     36.0293    141.7305     31.4498    570.0441    130.0000     20.0015     20.0000      0.0000      0.0000      0.0000    193.0347     14.0000      0.0000     -0.0927      0.1362      0.0003
     36.0647    141.5192     36.2883    570.0441    150.0000     20.0015     20.0000      0.0000      0.0000      0.0000    193.0347     14.0000      0.0000     -0.0994      0.2210      0.0196
     36.0998    141.3077     41.1267    570.0441    170.0000     20.0015     20.0000      0.0169     -0.0466      0.0496    193.0347     14.0000     70.0000     -0.0769      0.2065      0.0112
     36.1345    141.0960     45.9652    570.0441    190.0000     20.0015     20.0000      0.0244     -0.0671      0.0715    193.0347     14.0000     70.0000     -0.0202      0.1414     -0.0063
     35.6328    142.9459      2.4197    590.0457     10.0000     20.0015     20.0000      0.0000      0.0000      0.0000    193.0347     14.0000      0.0000     -0.0233      0.0476     -0.0135
     35.6705    142.7362      7.2577    590.0457     30.0000     20.0015     20.0000      0.0000      0.0000      0.0000    193.0347     14.0000      0.0000     -0.0475      0.0571     -0.0215
     35.7078    142.5264     12.0961    590.0457     50.0000     20.0015     20.0000      0.0000      0.0000      0.0000    193.0347     14.0000      0.0000     -0.0711      0.0607     -0.0309
     35.7447    142.3164     16.9345    590.0457     70.0000     20.0015     20.0000      0.0000      0.0000      0.0000    193.0347     14.0000      0.0000     -0.0862      0.0584     -0.0388
     35.7813    142.1061     21.7730    590.0457     90.0000     20.0015     20.0000      0.0000      0.0000      0.0000    193.0347     14.0000      0.0000     -0.0877      0.0527     -0.0406
     35.8174    141.8957     26.6114    590.0457    110.0000     20.0015     20.0000      0.0000      0.0000      0.0000    193.0347     14.0000      0.0000     -0.0755      0.0487     -0.0322
     35.8532    141.6851     31.4498    590.0457    130.0000     20.0015     20.0000      0.0000      0.0000      0.0000    193.0347     14.0000      0.0000     -0.0559      0.0530     -0.0158
     35.8886    141.4742     36.2883    590.0457    150.0000     20.0015     20.0000      0.0000      0.0000      0.0000    193.0347     14.0000      0.0000     -0.0385      0.0677     -0.0020
     35.9236    141.2632     41.1267    590.0457    170.0000     20.0015     20.0000      0.0000      0.0000      0.0000    193.0347     14.0000      0.0000     -0.0264      0.0835      0.0009
     35.9582    141.0520     45.9652    590.0457    190.0000     20.0015     20.0000      0.0000      0.0000      0.0000    193.0347     14.0000      0.0000     -0.0070      0.0819     -0.0029
     35.4572    142.8979      2.4192    610.0472     10.0000     20.0015     20.0000      0.0000      0.0000      0.0000    193.0347     14.0000      0.0000     -0.0151      0.0345     -0.0095
     35.4948    142.6888      7.2577    610.0472     30.0000     20.0015     20.0000      0.0000      0.0000      0.0000    193.0347     14.0000      0.0000     -0.0291      0.0397     -0.0137
     35.5320    142.4794     12.0961    610.0472     50.0000     20.0015     20.0000      0.0000      0.0000      0.0000    193.0347     14.0000      0.0000     -0.0431      0.0416     -0.0185
     35.5689    142.2698     16.9345    610.0472     70.0000     20.0015     20.0000      0.0000      0.0000      0.0000    193.0347     14.0000      0.0000     -0.0534      0.0399     -0.0228
     35.6053    142.0600     21.7730    610.0472     90.0000     20.0015     20.0000      0.0000      0.0000      0.0000    193.0347     14.0000      0.0000     -0.0568      0.0356     -0.0250
     35.6414    141.8500     26.6114    610.0472    110.0000     20.0015     20.0000      0.0000      0.0000      0.0000    193.0347     14.0000      0.0000     -0.0520      0.0307     -0.0231
     35.6771    141.6398     31.4498    610.0472    130.0000     20.0015     20.0000      0.0000      0.0000      0.0000    193.0347     14.0000      0.0000     -0.0403      0.0283     -0.0169
     35.7124    141.4295     36.2883    610.0472    150.0000     20.0015     20.0000      0.0000      0.0000      0.0000    193.0347     14.0000      0.0000     -0.0257      0.0298     -0.0095
     35.7473    141.2189     41.1267    610.0472    170.0000     20.0015     20.0000      0.0000      0.0000      0.0000    193.0347     14.0000      0.0000     -0.0119      0.0331     -0.0049
     35.7819    141.0082     45.9652    610.0472    190.0000     20.0015     20.0000      0.0000      0.0000      0.0000    193.0347     14.0000      0.0000      0.0006      0.0344     -0.0032
